 10    KST    MAK     BFI    BBG    TWU    PFH    PALB  RSTMIN  WP_BFW  F_BFW   
  0.    1.    10.     8.0   1.0    1.2    2.0     1.      1.    1.      1.     
  1.    2.     1.     0.0   0.72   1.0    1.0     0.2   100.    0.05    30.    
100.    2.     1.     0.0   0.72   1.0    1.0     0.2   100.    0.05    30.    
135.    2.     1.     0.3   1.0    1.0    1.0     0.2   100.    0.05    30.    
165.    2.     1.     0.8   1.0    1.0    1.0     0.2   100.    0.05    30.    
195.    2.     1.     1.0   1.0    1.0    1.0     0.2   100.    0.05    30.
225.    2.     1.     1.0   1.0    1.0    1.0     0.2   100.    0.05    30.
255.    2.     1.     1.0   1.0    1.0    1.0     0.2   100.    0.05    30.
285.    2.     1.     0.8   0.92   1.0    1.0     0.2   100.    0.05    30.
315.    2.     1.     0.5   0.9    1.0    1.0     0.2   100.    0.05    30.
366.    2.     1.     0.0   0.75   1.0    1.0     0.2   100.    0.05    30.
