02.01.1980 00:00:00.00 86400 1.157407408e-08
# Startzeit   [s] -> [s] [mm/interval] -> [m/s]
 10078.0      0.0
 10079.0      0.7
 10080.0      0.7
 10081.0      0.5
 10082.0      0.2
 10083.0      0.0
 10087.0      0.0
 10088.0      0.2
 10089.0      0.0
 10090.0      0.0
 10091.0      6.1
 10092.0      0.0
 10094.0      0.0
 10095.0      0.2
 10096.0      0.0
 10097.0      1.3
 10098.0      0.0
 10102.0      0.0
 10103.0      0.6
 10104.0      0.2
 10105.0      0.0
 10106.0     15.0
 10107.0      0.1
 10108.0      0.0
 10109.0      0.1
 10110.0      0.4
 10111.0      0.0
 10112.0      0.2
 10113.0      5.2
 10114.0      0.2
 10115.0      0.0
 10117.0      0.0
 10118.0      0.6
 10119.0      0.0
 10120.0      5.8
 10121.0      4.5
 10122.0      0.0
 10126.0      0.0
 10127.0      1.5
 10128.0      1.2
 10129.0      0.2
 10130.0     14.4
 10131.0      0.0
 10132.0      1.0
 10133.0      0.0
 10134.0      0.0
 10135.0      1.2
 10136.0      2.6
 10137.0      2.4
 10138.0      0.0
 10149.0      0.0
 10150.0      1.8
 10151.0      0.0
 10152.0      0.3
 10153.0      0.0
 10154.0      0.3
 10155.0      0.0
 10161.0      0.0
 10162.0      0.1
 10163.0      3.9
 10164.0      0.0
 10169.0      0.0
 10170.0      2.4
 10171.0      4.9
 10172.0      5.6
 10173.0      8.6
 10174.0     16.0
 10175.0     15.7
 10176.0      0.0
 10177.0     17.2
 10178.0      5.5
 10179.0      0.0
 10184.0      0.0
 10185.0      1.3
 10186.0      1.1
 10187.0     13.8
 10188.0      0.0
 10189.0      5.7
 10190.0      6.1
 10191.0      0.7
 10192.0      0.0
 10193.0      1.7
 10194.0      5.0
 10195.0      1.5
 10196.0      1.4
 10197.0     10.2
 10198.0      5.4
 10199.0      2.5
 10200.0      1.8
 10201.0      7.5
 10202.0      0.4
 10203.0      6.5
 10204.0      4.5
 10205.0      0.9
 10206.0      0.0
 10219.0      0.0
 10220.0      1.5
 10221.0      0.0
 10222.0      0.0
 10223.0      1.7
 10224.0      3.4
 10225.0      1.8
 10226.0      0.0
 10229.0      0.0
 10230.0     12.2
 10231.0      5.4
 10232.0      6.2
 10233.0      0.0
 10234.0      1.1
 10235.0      0.0
 10236.0      0.2
 10237.0      0.1
 10238.0      0.0
 10239.0      0.7
 10240.0      0.0
 10241.0      2.5
 10242.0      4.0
 10243.0      6.3
 10244.0      0.3
 10245.0      0.0
 10246.0      0.0
 10247.0      2.7
 10248.0      0.0
 10249.0      1.9
 10250.0      0.0
 10254.0      0.0
 10255.0      3.4
 10256.0      0.0
 10257.0     16.4
 10258.0      0.0
 10259.0      0.0
 10260.0      0.2
 10261.0      2.5
 10262.0      6.4
 10263.0      0.0
 10275.0      0.0
 10276.0      3.0
 10277.0      1.4
 10278.0      0.1
 10279.0      0.0
 10280.0      0.0
 10281.0      0.1
 10282.0      4.2
 10283.0      0.8
 10284.0      3.0
 10285.0     28.7
 10286.0     22.6
 10287.0      3.1
 10288.0     13.6
 10289.0      0.0
 10292.0      0.0
 10293.0      1.9
 10294.0      0.0
 10295.0      3.0
 10296.0      0.3
 10297.0     15.2
 10298.0      0.8
 10299.0     34.6
 10300.0      0.1
 10301.0     10.8
 10302.0      6.1
 10303.0      0.0
 10304.0      2.7
 10305.0      2.4
 10306.0     13.3
 10307.0      6.5
 10308.0      1.0
 10309.0      1.1
 10310.0      1.2
 10311.0      1.5
 10312.0      0.4
 10313.0      0.3
 10314.0      1.1
 10315.0      0.0
 10317.0      0.0
 10318.0      0.5
 10319.0      3.1
 10320.0      0.3
 10321.0      5.6
 10322.0      0.0
 10323.0      1.8
 10324.0      0.0
 10325.0     13.1
 10326.0      0.8
 10327.0     17.6
 10328.0      0.0
 10329.0      0.1
 10330.0      0.4
 10331.0      0.0
 10332.0     23.9
 10333.0      1.5
 10334.0      0.0
 10335.0     10.8
 10336.0      0.0
 10337.0      0.2
 10338.0      9.3
 10339.0      0.0
 10340.0      0.1
 10341.0      1.0
 10342.0      0.0
 10344.0      0.0
 10345.0      2.4
 10346.0      2.5
 10347.0      0.0
 10360.0      0.0
 10361.0      2.2
 10362.0      0.1
 10363.0      0.3
 10364.0      8.2
 10365.0      0.1
 10366.0      0.0
 10370.0      0.0
 10371.0      0.7
 10372.0      0.0
 10375.0      0.0
 10376.0     21.7
 10377.0      4.5
 10378.0      0.0
 10379.0      6.4
 10380.0      0.0
 10381.0      4.2
 10382.0      0.2
 10383.0      0.0
 10384.0      3.2
 10385.0      4.6
 10386.0      0.0
 10388.0      0.0
 10389.0      4.6
 10390.0      0.1
 10391.0      0.0
 10392.0      4.5
 10393.0      0.5
 10394.0      0.9
 10395.0      0.0
 10396.0      0.0
 10397.0      1.7
 10398.0      0.0
 10400.0      0.0
 10401.0      1.5
 10402.0     13.2
 10403.0      0.0
 10404.0     14.0
 10405.0      0.0
 10409.0      0.0
 10410.0      1.9
 10411.0      0.0
 10412.0      0.0
 10413.0      2.2
 10414.0      3.0
 10415.0      0.2
 10416.0      0.1
 10417.0      0.0
 10418.0     12.1
 10419.0      0.0
 10420.0      2.2
 10421.0      0.0
 10422.0      0.0
 10423.0      1.8
 10424.0      1.6
 10425.0      0.9
 10426.0      0.4
 10427.0      0.0
 10428.0      2.1
 10429.0      2.0
 10430.0      0.0
 10432.0      0.0
 10433.0      7.2
 10434.0      0.0
 10436.0      0.0
 10437.0      0.1
 10438.0      0.0
 10439.0      0.1
 10440.0      0.0
 10441.0      0.4
 10442.0     28.5
 10443.0      0.0
 10444.0      0.0
 10445.0      0.5
 10446.0      6.4
 10447.0      0.4
 10448.0      0.1
 10449.0      6.4
 10450.0     13.8
 10451.0      0.0
 10452.0      0.0
 10453.0     16.8
 10454.0      0.0
 10456.0      0.0
 10457.0      7.4
 10458.0      0.7
 10459.0      0.0
 10460.0      6.2
 10461.0      1.0
 10462.0      0.0
 10463.0      0.3
 10464.0      0.0
 10469.0      0.0
 10470.0     27.1
 10471.0      0.0
 10472.0      9.6
 10473.0      3.5
 10474.0      2.0
 10475.0      4.9
 10476.0      0.5
 10477.0      0.0
 10478.0      0.0
 10479.0      1.4
 10480.0      0.0
 10481.0      1.3
 10482.0      6.4
 10483.0      0.0
 10484.0      0.4
 10485.0      0.0
 10489.0      0.0
 10490.0      0.1
 10491.0      2.4
 10492.0      0.0
 10498.0      0.0
 10499.0      5.9
 10500.0      4.6
 10501.0      2.0
 10502.0      3.1
 10503.0      1.3
 10504.0      2.2
 10505.0      1.1
 10506.0      2.1
 10507.0      0.0
 10513.0      0.0
 10514.0      3.0
 10515.0     26.2
 10516.0      0.0
 10519.0      0.0
 10520.0      4.3
 10521.0      6.5
 10522.0      0.0
 10525.0      0.0
 10526.0      7.0
 10527.0      4.1
 10528.0      6.7
 10529.0      5.6
 10530.0      2.0
 10531.0      0.0
 10538.0      0.0
 10539.0      0.2
 10540.0      0.0
 10541.0      1.4
 10542.0      0.0
 10545.0      0.0
 10546.0      1.5
 10547.0      0.0
 10548.0      0.7
 10549.0      0.4
 10550.0      1.0
 10551.0      2.6
 10552.0      3.2
 10553.0      2.4
 10554.0      1.2
 10555.0      0.1
 10556.0      0.0
 10560.0      0.0
 10561.0      0.1
 10562.0      3.8
 10563.0      5.2
 10564.0      6.6
 10565.0      8.3
 10566.0      8.5
 10567.0      1.5
 10568.0      0.0
 10569.0      0.0
 10570.0      1.0
 10571.0      2.4
 10572.0      0.0
 10576.0      0.0
 10577.0      0.7
 10578.0      2.4
 10579.0      5.3
 10580.0     10.6
 10581.0     11.8
 10582.0      2.9
 10583.0      0.0
 10584.0      0.0
 10585.0      0.2
 10586.0      0.0
 10590.0      0.0
 10591.0      0.1
 10592.0      0.0
 10595.0      0.0
 10596.0      3.4
 10597.0      0.0
 10604.0      0.0
 10605.0      2.5
 10606.0      0.0
 10607.0      0.0
 10608.0      0.6
 10609.0      6.2
 10610.0      3.0
 10611.0      1.1
 10612.0      0.0
 10613.0      0.0
 10614.0     13.3
 10615.0      0.0
 10625.0      0.0
 10626.0      0.3
 10627.0      0.1
 10628.0      2.7
 10629.0      2.5
 10630.0      0.0
 10631.0      3.6
 10632.0      8.5
 10633.0      0.1
 10634.0      4.7
 10635.0      0.9
 10636.0      1.4
 10637.0      0.0
 10638.0      3.0
 10639.0      8.8
 10640.0      0.0
 10641.0      0.0
 10642.0      0.9
 10643.0      0.0
 10644.0      8.4
 10645.0      2.5
 10646.0      0.2
 10647.0      0.0
 10648.0      1.5
 10649.0      0.6
 10650.0      0.0
 10651.0      0.0
 10652.0      1.3
 10653.0      0.7
 10654.0      0.0
 10655.0      8.6
 10656.0     19.0
 10657.0      0.2
 10658.0      4.7
 10659.0      6.5
 10660.0      9.9
 10661.0      2.1
 10662.0     10.1
 10663.0      3.9
 10664.0      0.0
 10665.0      0.2
 10666.0      0.1
 10667.0      0.0
 10672.0      0.0
 10673.0      6.9
 10674.0      3.3
 10675.0      6.3
 10676.0      9.4
 10677.0      3.3
 10678.0      3.4
 10679.0      0.1
 10680.0      0.0
 10696.0      0.0
 10697.0      9.6
 10698.0      7.7
 10699.0     25.1
 10700.0      0.0
 10707.0      0.0
 10708.0      0.5
 10709.0      0.8
 10710.0     15.9
 10711.0      0.0
 10712.0      0.1
 10713.0      0.0
 10715.0      0.0
 10716.0      3.2
 10717.0      0.6
 10718.0      0.0
 10719.0      1.1
 10720.0      1.5
 10721.0      5.6
 10722.0     11.8
 10723.0      8.5
 10724.0      0.0
 10725.0     14.1
 10726.0     15.4
 10727.0      0.7
 10728.0     16.1
 10729.0      0.0
 10731.0      0.0
 10732.0      4.4
 10733.0      3.0
 10734.0      0.0
 10736.0      0.0
 10737.0      6.0
 10738.0      0.0
 10739.0      3.7
 10740.0      0.0
 10742.0      0.0
 10743.0      1.0
 10744.0      0.0
 10747.0      0.0
 10748.0      9.0
 10749.0     11.8
 10750.0      2.2
 10751.0      4.5
 10752.0      0.1
 10753.0      6.8
 10754.0      0.0
 10756.0      0.0
 10757.0      7.9
 10758.0      2.7
 10759.0      0.0
 10760.0      0.0
 10761.0      3.5
 10762.0      0.0
 10763.0      2.7
 10764.0      0.9
 10765.0      0.0
 10766.0      0.0
 10767.0      7.6
 10768.0      0.0
 10769.0      1.9
 10770.0      0.0
 10771.0      0.0
 10772.0      0.1
 10773.0      0.0
 10776.0      0.0
 10777.0      0.1
 10778.0     42.7
 10779.0      0.2
 10780.0      3.1
 10781.0      4.8
 10782.0      0.0
 10783.0      0.0
 10784.0      0.4
 10785.0      2.9
 10786.0     35.7
 10787.0      9.9
 10788.0      0.0
 10789.0     15.7
 10790.0      2.1
 10791.0      2.3
 10792.0      0.3
 10793.0      0.0
 10794.0      0.0
 10795.0     11.2
 10796.0      1.1
 10797.0     13.3
 10798.0      0.0
 10799.0      0.5
 10800.0      0.2
 10801.0      0.0
 10804.0      0.0
 10805.0     33.3
 10806.0      8.3
 10807.0      0.0
 10811.0      0.0
 10812.0      0.2
 10813.0     31.2
 10814.0      0.9
 10815.0      0.0
 10816.0      0.5
 10817.0      0.0
 10819.0      0.0
 10820.0      0.2
 10821.0      0.0
 10822.0      0.0
 10823.0      0.3
 10824.0      0.2
 10825.0      0.0
 10827.0      0.0
 10828.0      0.9
 10829.0      6.1
 10830.0      0.0
 10834.0      0.0
 10835.0      2.3
 10836.0      0.0
 10837.0      5.3
 10838.0     12.0
 10839.0      0.0
 10846.0      0.0
 10847.0      5.2
 10848.0      8.4
 10849.0      0.0
 10868.0      0.0
 10869.0      4.0
 10870.0      1.5
 10871.0      0.2
 10872.0      0.3
 10873.0      0.7
 10874.0     11.1
 10875.0      2.6
 10876.0     18.1
 10877.0      0.6
 10878.0      0.0
 10879.0      0.0
 10880.0      9.0
 10881.0      2.8
 10882.0      0.1
 10883.0      0.0
 10885.0      0.0
 10886.0      0.2
 10887.0      0.9
 10888.0      0.0
 10889.0      2.0
 10890.0      0.0
 10895.0      0.0
 10896.0      0.2
 10897.0     10.4
 10898.0      2.7
 10899.0     10.7
 10900.0      0.3
 10901.0      0.0
 10902.0      1.1
 10903.0      0.7
 10904.0     10.8
 10905.0      0.2
 10906.0      0.7
 10907.0      0.3
 10908.0      0.8
 10909.0      1.4
 10910.0      0.0
 10911.0      9.5
 10912.0      3.6
 10913.0      0.0
 10916.0      0.0
 10917.0      0.4
 10918.0      4.6
 10919.0     16.9
 10920.0      0.3
 10921.0      2.4
 10922.0      0.2
 10923.0      0.3
 10924.0      0.0
 10925.0      7.1
 10926.0      4.3
 10927.0      0.0
 10928.0      1.6
 10929.0      1.3
 10930.0      1.0
 10931.0      6.2
 10932.0      0.5
 10933.0     13.8
 10934.0      0.0
 10935.0     12.9
 10936.0      6.3
 10937.0      0.6
 10938.0      0.0
 10942.0      0.0
 10943.0      0.3
 10944.0      0.0
 10945.0      2.0
 10946.0      4.3
 10947.0      8.7
 10948.0      7.3
 10949.0      9.1
 10950.0      3.8
 10951.0      0.6
 10952.0      2.0
 10953.0      1.4
 10954.0      9.9
 10955.0      9.6
 10956.0      3.0
 10957.0      0.0
 10958.0      0.8
 10959.0      1.0
 10960.0      0.0
 10963.0      0.0
 10964.0      1.5
 10965.0      2.4
 10966.0      1.0
 10967.0      3.2
 10968.0      0.1
 10969.0      1.7
 10970.0      0.2
 10971.0      0.0
 10972.0      1.0
 10973.0     14.3
 10974.0      0.1
 10975.0      0.3
 10976.0      0.0
 10979.0      0.0
 10980.0      3.3
 10981.0      3.4
 10982.0      0.1
 10983.0      0.1
 10984.0      6.9
 10985.0      6.4
 10986.0      3.2
 10987.0      0.6
 10988.0      2.0
 10989.0      0.8
 10990.0     21.8
 10991.0      0.1
 10992.0      2.8
 10993.0      0.0
 10996.0      0.0
 10997.0      0.2
 10998.0      5.2
 10999.0      0.3
 11000.0      0.3
 11001.0      0.8
 11002.0      0.0
 11003.0      0.0
 11004.0      0.6
 11005.0      0.0
 11006.0      2.3
 11007.0      1.4
 11008.0      0.6
 11009.0      3.5
 11010.0      1.1
 11011.0      1.1
 11012.0      1.4
 11013.0      4.6
 11014.0      0.0
 11015.0      6.7
 11016.0      4.1
 11017.0      0.1
 11018.0      0.0
 11020.0      0.0
 11021.0     11.7
 11022.0      0.0
 11025.0      0.0
 11026.0      0.9
 11027.0      0.1
 11028.0      0.1
 11029.0      0.4
 11030.0      7.8
 11031.0     13.6
 11032.0      0.0
 11034.0      0.0
 11035.0      1.8
 11036.0      4.8
 11037.0      0.0
 11040.0      0.0
 11041.0      4.4
 11042.0      8.0
 11043.0      1.9
 11044.0      1.2
 11045.0      3.2
 11046.0      0.7
 11047.0      0.8
 11048.0      0.1
 11049.0      2.8
 11050.0      0.9
 11051.0      0.3
 11052.0      0.0
 11056.0      0.0
 11057.0      0.3
 11058.0      1.6
 11059.0     12.3
 11060.0      2.2
 11061.0      0.3
 11062.0      0.0
 11071.0      0.0
 11072.0      2.7
 11073.0      0.0
 11075.0      0.0
 11076.0      0.6
 11077.0      0.0
 11078.0      0.2
 11079.0      0.0
 11080.0      0.0
 11081.0      0.2
 11082.0     23.6
 11083.0      1.2
 11084.0      0.0
 11085.0     11.0
 11086.0      2.1
 11087.0     15.4
 11088.0      0.0
 11089.0      0.4
 11090.0      1.9
 11091.0      0.0
 11092.0      0.0
 11093.0      3.0
 11094.0      0.0
 11095.0      7.7
 11096.0      7.0
 11097.0      1.4
 11098.0      0.0
 11100.0      0.0
 11101.0      3.8
 11102.0     10.6
 11103.0      5.1
 11104.0      1.0
 11105.0      0.0
 11106.0     14.8
 11107.0      8.9
 11108.0      0.3
 11109.0      0.0
 11112.0      0.0
 11113.0     16.4
 11114.0      5.3
 11115.0      0.0
 11116.0      0.1
 11117.0      0.0
 11118.0      4.9
 11119.0      1.9
 11120.0      0.4
 11121.0      6.6
 11122.0      0.0
 11123.0      0.0
 11124.0      0.9
 11125.0      2.6
 11126.0      0.0
 11150.0      0.0
 11151.0      5.2
 11152.0      0.2
 11153.0      0.0
 11154.0      3.8
 11155.0      0.0
 11157.0      0.0
 11158.0      0.9
 11159.0      8.3
 11160.0      6.1
 11161.0      2.7
 11162.0      0.0
 11163.0     18.5
 11164.0      0.4
 11165.0      2.6
 11166.0      6.6
 11167.0      0.0
 11168.0      0.0
 11169.0      7.1
 11170.0      5.7
 11171.0      5.4
 11172.0      0.2
 11173.0      7.4
 11174.0      0.0
 11175.0      0.0
 11176.0      3.6
 11177.0      0.0
 11178.0      0.0
 11179.0      1.1
 11180.0      6.7
 11181.0      0.0
 11182.0      0.0
 11183.0      5.3
 11184.0      2.0
 11185.0     13.9
 11186.0      0.6
 11187.0      0.0
 11189.0      0.0
 11190.0      0.7
 11191.0      6.2
 11192.0      3.3
 11193.0      0.0
 11194.0      2.1
 11195.0     29.4
 11196.0      2.7
 11197.0      8.8
 11198.0     20.6
 11199.0      0.0
 11200.0      0.0
 11201.0      0.1
 11202.0      0.0
 11205.0      0.0
 11206.0      8.8
 11207.0      3.2
 11208.0      0.8
 11209.0      0.0
 11210.0      0.0
 11211.0      6.1
 11212.0      4.6
 11213.0      0.0
 11214.0     13.0
 11215.0      0.0
 11222.0      0.0
 11223.0      4.3
 11224.0      3.6
 11225.0      0.6
 11226.0      0.0
 11227.0      4.2
 11228.0      0.0
 11229.0      2.6
 11230.0      3.9
 11231.0      5.2
 11232.0      0.0
 11233.0      0.0
 11234.0      0.6
 11235.0      0.0
 11243.0      0.0
 11244.0      0.3
 11245.0     11.0
 11246.0      0.0
 11247.0      0.0
 11248.0      7.7
 11249.0      5.9
 11250.0      0.0
 11251.0      0.0
 11252.0      3.5
 11253.0      8.0
 11254.0      0.0
 11262.0      0.0
 11263.0      0.3
 11264.0      0.3
 11265.0      0.0
 11266.0     14.1
 11267.0     19.5
 11268.0      1.1
 11269.0      0.9
 11270.0      2.5
 11271.0      1.5
 11272.0      9.5
 11273.0      0.1
 11274.0      0.8
 11275.0     13.7
 11276.0      4.4
 11277.0      0.0
 11278.0      0.1
 11279.0      0.7
 11280.0      0.0
 11281.0      0.0
 11282.0      7.9
 11283.0      1.3
 11284.0      1.1
 11285.0      8.6
 11286.0      0.5
 11287.0      0.4
 11288.0      0.1
 11289.0      5.9
 11290.0      0.0
 11291.0      1.5
 11292.0      0.8
 11293.0      0.0
 11294.0      0.0
 11295.0      2.2
 11296.0      8.3
 11297.0     18.4
 11298.0     23.8
 11299.0      1.8
 11300.0      4.5
 11301.0      8.9
 11302.0      1.2
 11303.0      0.0
 11304.0      0.0
 11305.0      2.4
 11306.0      4.0
 11307.0      8.9
 11308.0      0.2
 11309.0      7.8
 11310.0      7.4
 11311.0     11.3
 11312.0      2.6
 11313.0      0.0
 11314.0     13.4
 11315.0      6.5
 11316.0      0.4
 11317.0      0.0
 11318.0      0.5
 11319.0      0.0
 11321.0      0.0
 11322.0      0.8
 11323.0      0.0
 11324.0      0.2
 11325.0      0.0
 11326.0      0.0
 11327.0      7.7
 11328.0      7.7
 11329.0      6.3
 11330.0      3.9
 11331.0      0.0
 11332.0      2.1
 11333.0     18.3
 11334.0     31.0
 11335.0      0.9
 11336.0      3.1
 11337.0      0.0
 11338.0      0.0
 11339.0      1.8
 11340.0      4.5
 11341.0      0.7
 11342.0      0.0
 11345.0      0.0
 11346.0     10.8
 11347.0      3.3
 11348.0      0.0
 11353.0      0.0
 11354.0      1.1
 11355.0      3.5
 11356.0      0.3
 11357.0      0.2
 11358.0      0.0
 11359.0      0.0
 11360.0      0.5
 11361.0      0.0
 11362.0      1.9
 11363.0      4.1
 11364.0      0.0
 11365.0      8.7
 11366.0      0.0
 11367.0      0.3
 11368.0      0.0
 11372.0      0.0
 11373.0      0.8
 11374.0      0.0
 11375.0      0.0
 11376.0      1.1
 11377.0      0.6
 11378.0      1.9
 11379.0      2.0
 11380.0      0.0
 11388.0      0.0
 11389.0      0.1
 11390.0      0.0
 11393.0      0.0
 11394.0      0.3
 11395.0      0.0
 11396.0      1.3
 11397.0      1.2
 11398.0      0.3
 11399.0      4.5
 11400.0      0.0
 11409.0      0.0
 11410.0      0.8
 11411.0      7.9
 11412.0      0.0
 11413.0      0.0
 11414.0      0.6
 11415.0      4.8
 11416.0      0.2
 11417.0      0.0
 11422.0      0.0
 11423.0      1.7
 11424.0      0.0
 11436.0      0.0
 11437.0      5.0
 11438.0     10.6
 11439.0      0.0
 11441.0      0.0
 11442.0      0.1
 11443.0      0.0
 11451.0      0.0
 11452.0      0.2
 11453.0      1.6
 11454.0      0.0
 11455.0      2.0
 11456.0      8.3
 11457.0      0.0
 11458.0      0.1
 11459.0      0.0
 11466.0      0.0
 11467.0      0.8
 11468.0      0.5
 11469.0      0.0
 11471.0      0.0
 11472.0     11.3
 11473.0      3.3
 11474.0      0.0
 11475.0      0.0
 11476.0      0.2
 11477.0      0.0
 11478.0      9.6
 11479.0      0.0
 11480.0     24.0
 11481.0      0.0
 11482.0      0.0
 11483.0      0.2
 11484.0      0.0
 11485.0      0.7
 11486.0      7.3
 11487.0      0.0
 11488.0      3.7
 11489.0      4.6
 11490.0      2.1
 11491.0      1.9
 11492.0      2.1
 11493.0      0.4
 11494.0     15.8
 11495.0      0.1
 11496.0      0.1
 11497.0      0.0
 11500.0      0.0
 11501.0      4.2
 11502.0      2.5
 11503.0      1.7
 11504.0      0.0
 11508.0      0.0
 11509.0      2.7
 11510.0      2.0
 11511.0      0.0
 11512.0     10.5
 11513.0      0.0
 11514.0      0.6
 11515.0     15.1
 11516.0      0.0
 11518.0      0.0
 11519.0     13.2
 11520.0      2.7
 11521.0      2.5
 11522.0     16.1
 11523.0      0.0
 11525.0      0.0
 11526.0      3.2
 11527.0      0.0
 11528.0      0.0
 11529.0      1.8
 11530.0      0.4
 11531.0      0.6
 11532.0      0.0
 11535.0      0.0
 11536.0      1.3
 11537.0      0.9
 11538.0      0.1
 11539.0      7.4
 11540.0      7.7
 11541.0      5.5
 11542.0      8.2
 11543.0      0.0
 11544.0      0.0
 11545.0      3.8
 11546.0      0.0
 11547.0     13.6
 11548.0     19.5
 11549.0      0.0
 11551.0      0.0
 11552.0      0.2
 11553.0      0.0
 11554.0      1.9
 11555.0      0.0
 11556.0      0.0
 11557.0      0.2
 11558.0      3.1
 11559.0      0.7
 11560.0      8.4
 11561.0      0.0
 11567.0      0.0
 11568.0     10.4
 11569.0      0.2
 11570.0      0.0
 11571.0      8.5
 11572.0      1.1
 11573.0      2.0
 11574.0      0.0
 11575.0      5.6
 11576.0      0.0
 11577.0      0.7
 11578.0      0.0
 11579.0      0.0
 11580.0      0.9
 11581.0      2.2
 11582.0      3.2
 11583.0      0.1
 11584.0      0.0
 11598.0      0.0
 11599.0      2.9
 11600.0     10.2
 11601.0      0.9
 11602.0      8.0
 11603.0      3.5
 11604.0      6.6
 11605.0      0.0
 11606.0      1.5
 11607.0      2.9
 11608.0      0.0
 11611.0      0.0
 11612.0      5.4
 11613.0     10.0
 11614.0      0.3
 11615.0      0.0
 11617.0      0.0
 11618.0      0.1
 11619.0      0.1
 11620.0      0.0
 11633.0      0.0
 11634.0      0.1
 11635.0      0.0
 11641.0      0.0
 11642.0      0.3
 11643.0      0.0
 11644.0      0.1
 11645.0      0.0
 11649.0      0.0
 11650.0      0.4
 11651.0      0.0
 11654.0      0.0
 11655.0      2.4
 11656.0      0.0
 11657.0      3.2
 11658.0      0.0
 11659.0      4.9
 11660.0     10.7
 11661.0      1.7
 11662.0      7.2
 11663.0      0.0
 11664.0     18.3
 11665.0      0.0
 11666.0      0.0
 11667.0      3.4
 11668.0      0.4
 11669.0      2.3
 11670.0      1.6
 11671.0     19.6
 11672.0      6.0
 11673.0      2.5
 11674.0      0.1
 11675.0      7.3
 11676.0      0.9
 11677.0      6.9
 11678.0      0.6
 11679.0      2.1
 11680.0      0.3
 11681.0      0.0
 11682.0      0.0
 11683.0      0.1
 11684.0      0.8
 11685.0      8.9
 11686.0     15.8
 11687.0      4.2
 11688.0      4.2
 11689.0      0.0
 11690.0     13.3
 11691.0     12.7
 11692.0      3.0
 11693.0      4.1
 11694.0      3.5
 11695.0      2.7
 11696.0      1.4
 11697.0      0.0
 11698.0      0.0
 11699.0      1.2
 11700.0      0.0
 11703.0      0.0
 11704.0      2.0
 11705.0     22.7
 11706.0      9.8
 11707.0     13.2
 11708.0      1.9
 11709.0      3.5
 11710.0      1.4
 11711.0      0.0
 11712.0      0.0
 11713.0      1.5
 11714.0      0.0
 11725.0      0.0
 11726.0      0.1
 11727.0      0.0
 11729.0      0.0
 11730.0      0.5
 11731.0      0.7
 11732.0     12.6
 11733.0      0.0
 11734.0      1.5
 11735.0      1.4
 11736.0      4.6
 11737.0      0.0
 11741.0      0.0
 11742.0      0.3
 11743.0      0.0
 11745.0      0.0
 11746.0      0.3
 11747.0      0.0
 11748.0      0.2
 11749.0      0.0
 11750.0      0.0
 11751.0      3.4
 11752.0      0.0
 11753.0      1.8
 11754.0     11.3
 11755.0      0.0
 11756.0      0.0
 11757.0      0.2
 11758.0      0.0
 11763.0      0.0
 11764.0      1.4
 11765.0      0.0
 11779.0      0.0
 11780.0      3.0
 11781.0      1.1
 11782.0      0.0
 11783.0      0.0
 11784.0      0.3
 11785.0      0.0
 11786.0      7.2
 11787.0      1.9
 11788.0      2.7
 11789.0      2.3
 11790.0      0.0
 11791.0      0.0
 11792.0      0.6
 11793.0      0.0
 11794.0      0.0
 11795.0      1.2
 11796.0      0.6
 11797.0      1.3
 11798.0      6.1
 11799.0      4.1
 11800.0      7.1
 11801.0      1.5
 11802.0      0.1
 11803.0      0.0
 11806.0      0.0
 11807.0      0.1
 11808.0      0.0
 11809.0      1.5
 11810.0      0.0
 11811.0      0.0
 11812.0      4.4
 11813.0      5.4
 11814.0      0.8
 11815.0      0.1
 11816.0      0.4
 11817.0      0.0
 11818.0     13.5
 11819.0      0.6
 11820.0      0.0
 11821.0      0.0
 11822.0      2.1
 11823.0      5.5
 11824.0      0.0
 11825.0      0.6
 11826.0      9.1
 11827.0      0.0
 11828.0      0.0
 11829.0      0.2
 11830.0      0.9
 11831.0      0.0
 11836.0      0.0
 11837.0      2.5
 11838.0      6.8
 11839.0      0.8
 11840.0      0.0
 11841.0      8.5
 11842.0     10.3
 11843.0      0.0
 11844.0      3.1
 11845.0     12.1
 11846.0      0.1
 11847.0      0.0
 11848.0      0.0
 11849.0      4.6
 11850.0      0.9
 11851.0      8.0
 11852.0      0.8
 11853.0      0.0
 11854.0      0.7
 11855.0      0.6
 11856.0      0.0
 11857.0      1.2
 11858.0      1.4
 11859.0      4.2
 11860.0      0.0
 11861.0      0.0
 11862.0      6.5
 11863.0      1.6
 11864.0      0.0
 11865.0      0.0
 11866.0      8.3
 11867.0      0.3
 11870.0      4.6
 11871.0      0.0
 11872.0      0.0
 11873.0      5.4
 11874.0      4.6
 11875.0      0.5
 11876.0      9.9
 11877.0      0.0
 11878.0      5.2
 11879.0      2.8
 11880.0      3.5
 11881.0      9.2
 11882.0      3.3
 11883.0      8.3
 11884.0      0.1
 11885.0      0.0
 11886.0      0.0
 11887.0      1.6
 11888.0      1.3
 11889.0      0.1
 11890.0      0.0
 11895.0      0.0
 11896.0     12.7
 11897.0      9.5
 11898.0      0.0
 11899.0      0.3
 11900.0      0.0
 11901.0      3.7
 11902.0      0.0
 11903.0      0.0
 11904.0      2.9
 11905.0      1.6
 11906.0      0.0
 11914.0      0.0
 11915.0     11.5
 11916.0      0.0
 11920.0      0.0
 11921.0      0.1
 11922.0      0.1
 11923.0      5.8
 11924.0      0.0
 11925.0      6.0
 11926.0      0.0
 11928.0      0.0
 11929.0      1.1
 11930.0      1.0
 11931.0      1.4
 11932.0      0.0
 11940.0      0.0
 11941.0      7.6
 11942.0     10.4
 11943.0      0.0
 11944.0      0.0
 11945.0      0.8
 11946.0      0.0
 11947.0      0.0
 11948.0      8.4
 11949.0      0.3
 11950.0      0.0
 11951.0      5.5
 11952.0      1.3
 11953.0      0.0
 11954.0      0.6
 11955.0      5.0
 11956.0      3.5
 11957.0      7.8
 11958.0      0.0
 11963.0      0.0
 11964.0      5.2
 11965.0      0.3
 11966.0     10.4
 11967.0     10.3
 11968.0      0.0
 11969.0      6.5
 11970.0      0.0
 11971.0      0.0
 11972.0      7.8
 11973.0      1.2
 11974.0      3.1
 11975.0      0.0
 11985.0      0.0
 11986.0      1.4
 11987.0     11.4
 11988.0      0.0
 11989.0      0.4
 11990.0      2.1
 11991.0      0.0
 11992.0      1.3
 11993.0     16.8
 11994.0     15.2
 11995.0      9.2
 11996.0      7.4
 11997.0      3.7
 11998.0      5.3
 11999.0      0.0
 12000.0      0.0
 12001.0      8.3
 12002.0      4.4
 12003.0      0.0
 12016.0      0.0
 12017.0      9.5
 12018.0      1.8
 12019.0     15.4
 12020.0      3.1
 12021.0      0.0
 12022.0      0.0
 12023.0      6.4
 12024.0      3.3
 12025.0     10.6
 12026.0      4.2
 12027.0      1.3
 12028.0      2.0
 12029.0      0.0
 12030.0      4.5
 12031.0      8.9
 12032.0      0.4
 12033.0      0.0
 12034.0      1.8
 12035.0      6.9
 12036.0      7.0
 12037.0      6.6
 12038.0      6.9
 12039.0      7.0
 12040.0      0.0
 12041.0      5.0
 12042.0     10.0
 12043.0     13.2
 12044.0     15.6
 12045.0      0.0
 12046.0      1.6
 12047.0      4.5
 12048.0     15.6
 12049.0      4.0
 12050.0      0.0
 12051.0      1.9
 12052.0      0.0
 12053.0      1.8
 12054.0      0.0
 12055.0      0.9
 12056.0      0.4
 12057.0      0.1
 12058.0      0.8
 12059.0      0.0
 12060.0      0.0
 12061.0      1.1
 12062.0      0.0
 12063.0      0.0
 12064.0      0.8
 12065.0      0.0
 12066.0      0.4
 12067.0      0.2
 12068.0      7.9
 12069.0      1.9
 12070.0      0.0
 12071.0      0.1
 12072.0      3.0
 12073.0      2.2
 12074.0      1.2
 12075.0      0.0
 12078.0      0.0
 12079.0      2.1
 12080.0      0.0
 12081.0     13.7
 12082.0      4.3
 12083.0      0.0
 12084.0     17.2
 12085.0      4.0
 12086.0      0.3
 12087.0      6.4
 12088.0     10.1
 12089.0      5.0
 12090.0      2.3
 12091.0      1.2
 12092.0      0.0
 12097.0      0.0
 12098.0      1.5
 12099.0      0.5
 12100.0      0.0
 12101.0      0.0
 12102.0      2.0
 12103.0      0.0
 12105.0      0.0
 12106.0      0.3
 12107.0      1.1
 12108.0      1.7
 12109.0      0.2
 12110.0      0.0
 12117.0      0.0
 12118.0      1.1
 12119.0      0.5
 12120.0      3.2
 12121.0      0.0
 12122.0      0.4
 12123.0      5.2
 12124.0      0.2
 12125.0      0.0
 12127.0      0.0
 12128.0      7.6
 12129.0      7.8
 12130.0     13.2
 12131.0      4.7
 12132.0      0.6
 12133.0      0.0
 12135.0      0.0
 12136.0      0.1
 12137.0      0.0
 12139.0      0.0
 12140.0      0.3
 12141.0      0.0
 12147.0      0.0
 12148.0      0.1
 12149.0      0.0
 12150.0      0.1
 12151.0     11.4
 12152.0      6.7
 12153.0      9.7
 12154.0      4.6
 12155.0      2.7
 12156.0      0.0
 12161.0      0.0
 12162.0      0.3
 12163.0      0.0
 12167.0      0.0
 12168.0      6.2
 12169.0     14.2
 12170.0      0.5
 12171.0      0.0
 12172.0      3.3
 12173.0      0.5
 12174.0      0.0
 12175.0      6.4
 12176.0     12.3
 12177.0      0.0
 12178.0      0.0
 12179.0      4.9
 12180.0      0.2
 12181.0      2.7
 12182.0      1.4
 12183.0      1.6
 12184.0      8.0
 12185.0      4.7
 12186.0      0.0
 12187.0      0.9
 12188.0      1.9
 12189.0      0.3
 12190.0      0.0
 12191.0      6.4
 12192.0      4.1
 12193.0      0.5
 12194.0      6.3
 12195.0     10.6
 12196.0      0.0
 12197.0      0.0
 12198.0     11.7
 12199.0      0.2
 12200.0      5.6
 12201.0      9.4
 12202.0      0.8
 12203.0     30.2
 12204.0     25.4
 12205.0      0.0
 12206.0      0.2
 12207.0      0.0
 12211.0      0.0
 12212.0      7.0
 12213.0      3.3
 12214.0      0.3
 12215.0      0.0
 12216.0      4.6
 12217.0      2.3
 12218.0      0.0
 12222.0      0.0
 12223.0      5.9
 12224.0      0.9
 12225.0      0.0
 12226.0      1.0
 12227.0      1.1
 12228.0      5.6
 12229.0      0.0
 12230.0      0.6
 12231.0      0.0
 12232.0     10.3
 12233.0      0.0
 12235.0      0.0
 12236.0      6.8
 12237.0      4.4
 12238.0      0.0
 12257.0      0.0
 12258.0      0.4
 12259.0      0.0
 12260.0      0.0
 12261.0      8.9
 12262.0      5.6
 12263.0      0.1
 12264.0      0.3
 12265.0      0.0
 12266.0      0.0
 12267.0      0.1
 12268.0      0.0
 12269.0      0.0
 12270.0      1.9
 12271.0      4.6
 12272.0      1.8
 12273.0      0.1
 12274.0      0.0
 12275.0      0.0
 12276.0      5.1
 12277.0      0.0
 12281.0      0.0
 12282.0      1.5
 12283.0     10.8
 12284.0      0.0
 12287.0      0.0
 12288.0      1.1
 12289.0     11.9
 12290.0      0.9
 12291.0      0.0
 12294.0      0.0
 12295.0      0.8
 12296.0      0.0
 12301.0      0.0
 12302.0     32.1
 12303.0     11.2
 12304.0      1.4
 12305.0      4.2
 12306.0     19.8
 12307.0     22.9
 12308.0      0.0
 12309.0     10.7
 12310.0     10.3
 12311.0      5.2
 12312.0      2.5
 12313.0     21.4
 12314.0      2.5
 12315.0      3.5
 12316.0      0.0
 12320.0      0.0
 12321.0      2.3
 12322.0      0.0
 12328.0      0.0
 12329.0      0.8
 12330.0     27.0
 12331.0      5.2
 12332.0      0.0
 12333.0      0.0
 12334.0      0.1
 12335.0     17.0
 12336.0      2.8
 12337.0      0.0
 12338.0      0.8
 12339.0      1.5
 12340.0      7.6
 12341.0      0.5
 12342.0      1.4
 12343.0      0.0
 12344.0      4.8
 12345.0     14.0
 12346.0      0.0
 12347.0      0.0
 12348.0      4.5
 12349.0      0.0
 12351.0      0.0
 12352.0     11.8
 12353.0      0.4
 12354.0      2.9
 12355.0      0.0
 12356.0      0.0
 12357.0      1.1
 12358.0      6.4
 12359.0      6.2
 12360.0      3.0
 12361.0      3.7
 12362.0      5.1
 12363.0      0.8
 12364.0     13.3
 12365.0      1.2
 12366.0      7.0
 12367.0      0.0
 12368.0      0.2
 12369.0      2.0
 12370.0      0.0
 12374.0      0.0
 12375.0      9.6
 12376.0      6.2
 12377.0      0.2
 12378.0      2.7
 12379.0      0.3
 12380.0      0.2
 12381.0      3.5
 12382.0      0.0
 12383.0      0.0
 12384.0      0.3
 12385.0      1.9
 12386.0      0.1
 12387.0      0.0
 12389.0      0.0
 12390.0      0.1
 12391.0      1.7
 12392.0      0.5
 12393.0      4.2
 12394.0      0.0
 12399.0      0.0
 12400.0      4.8
 12401.0      0.0
 12404.0      0.0
 12405.0      3.3
 12406.0      0.2
 12407.0      0.0
 12408.0      1.7
 12409.0      1.1
 12410.0      0.0
 12411.0     11.7
 12412.0     10.9
 12413.0      0.0
 12414.0      6.0
 12415.0      0.9
 12416.0      0.0
 12417.0      0.0
 12418.0      0.1
 12419.0      2.4
 12420.0      0.3
 12421.0      0.6
 12422.0      0.2
 12423.0      0.5
 12424.0      1.5
 12425.0      2.7
 12426.0      7.1
 12427.0      0.0
 12428.0      0.5
 12429.0      0.0
 12430.0      6.6
 12431.0      0.4
 12432.0      0.0
 12433.0      2.6
 12434.0      0.0
 12436.0      0.0
 12437.0      0.8
 12438.0      1.7
 12439.0      0.1
 12440.0      3.3
 12441.0      6.1
 12442.0      0.3
 12443.0      5.2
 12444.0      3.9
 12445.0      0.3
 12446.0      0.0
 12448.0      0.0
 12449.0      2.1
 12450.0      3.0
 12451.0      0.0
 12452.0      0.0
 12453.0      1.0
 12454.0      0.8
 12455.0      0.5
 12456.0      4.3
 12457.0      6.5
 12458.0      0.7
 12459.0      0.0
 12460.0      0.1
 12461.0     14.9
 12462.0      0.8
 12463.0      8.0
 12464.0      0.2
 12465.0      0.0
 12466.0      0.0
 12467.0      0.7
 12468.0      0.1
 12469.0      1.7
 12470.0      3.0
 12471.0      0.0
 12473.0      0.0
 12474.0      5.9
 12475.0      2.3
 12476.0      4.0
 12477.0      0.0
 12478.0      0.0
 12479.0      0.1
 12480.0      0.0
 12490.0      0.0
 12491.0      0.7
 12492.0      0.6
 12493.0      0.0
 12494.0      0.1
 12495.0      0.0
 12496.0      0.0
 12497.0      0.5
 12498.0      6.2
 12499.0      0.0
 12500.0      0.2
 12501.0      1.5
 12502.0      0.0
 12510.0      0.0
 12511.0      1.2
 12512.0      0.6
 12513.0      0.0
 12514.0      0.0
 12515.0      2.8
 12516.0      0.3
 12517.0      0.0
 12524.0      0.0
 12525.0      1.3
 12526.0      0.0
 12527.0      0.0
 12528.0      0.1
 12529.0      0.1
 12530.0      0.0
 12531.0      0.0
 12532.0      1.3
 12533.0      5.3
 12534.0     17.7
 12535.0      0.3
 12536.0      0.1
 12537.0      6.5
 12538.0     11.4
 12539.0      8.3
 12540.0      0.0
 12543.0      0.0
 12544.0      8.1
 12545.0     12.4
 12546.0      0.7
 12547.0      6.2
 12548.0      3.2
 12549.0      2.7
 12550.0      4.2
 12551.0      0.0
 12558.0      0.0
 12559.0      0.2
 12560.0      5.1
 12561.0      1.1
 12562.0      0.0
 12563.0      3.2
 12564.0      0.6
 12565.0      0.0
 12569.0      0.0
 12570.0      1.6
 12571.0      0.0
 12572.0      1.9
 12573.0      0.0
 12577.0      0.0
 12578.0      0.1
 12579.0      0.0
 12587.0      0.0
 12588.0      1.4
 12589.0      0.0
 12594.0      0.0
 12595.0      0.3
 12596.0     10.2
 12597.0      1.1
 12598.0      3.2
 12599.0      0.0
 12601.0      0.0
 12602.0      0.1
 12603.0      0.2
 12604.0     14.3
 12605.0     15.3
 12606.0     11.8
 12607.0     14.0
 12608.0      3.5
 12609.0      0.2
 12610.0      7.8
 12611.0     14.9
 12612.0      0.9
 12613.0      0.0
 12617.0      0.0
 12618.0      5.2
 12619.0      2.4
 12620.0      9.3
 12621.0      0.0
 12622.0      0.4
 12623.0      0.8
 12624.0      0.0
 12625.0     24.1
 12626.0     17.1
 12627.0      0.6
 12628.0     14.0
 12629.0      0.0
 12630.0      0.0
 12631.0      1.3
 12632.0      3.2
 12633.0      0.0
 12635.0      0.0
 12636.0      0.4
 12637.0      0.0
 12638.0      0.0
 12639.0     12.5
 12640.0      0.0
 12641.0      0.7
 12642.0      7.0
 12643.0      8.0
 12644.0      6.9
 12645.0      3.4
 12646.0      0.4
 12647.0      0.6
 12648.0      0.0
 12651.0      0.0
 12652.0      2.3
 12653.0      0.5
 12654.0      2.9
 12655.0     22.1
 12656.0      2.1
 12657.0      0.0
 12659.0      0.0
 12660.0     32.4
 12661.0      0.0
 12670.0      0.0
 12671.0     11.1
 12672.0     26.0
 12673.0      0.1
 12674.0      0.0
 12678.0      0.0
 12679.0      0.1
 12680.0      0.0
 12681.0     27.2
 12682.0      3.7
 12683.0      0.0
 12689.0      0.0
 12690.0      0.5
 12691.0      0.1
 12692.0      0.0
 12696.0      0.0
 12697.0      3.2
 12698.0      1.1
 12699.0      0.8
 12700.0      1.7
 12701.0     11.1
 12702.0      1.2
 12703.0      1.8
 12704.0      0.0
 12705.0      0.4
 12706.0      0.9
 12707.0     10.1
 12708.0      0.0
 12709.0      0.0
 12710.0      2.1
 12711.0      5.8
 12712.0      5.8
 12713.0      0.0
 12718.0      0.0
 12719.0      1.3
 12720.0      0.0
 12725.0      0.0
 12726.0      9.0
 12727.0      0.7
 12728.0      0.2
 12729.0      0.0
 12730.0      0.0
 12731.0      0.2
 12732.0      0.0
 12733.0      2.8
 12734.0      3.3
 12735.0      0.0
 12736.0      7.5
 12737.0     19.2
 12738.0      0.9
 12739.0      7.5
 12740.0      1.1
 12741.0      0.0
 12752.0      0.0
 12753.0      0.9
 12754.0      0.2
 12755.0      0.0
 12757.0      0.0
 12758.0      1.7
 12759.0      2.9
 12760.0      0.3
 12761.0      1.4
 12762.0      4.8
 12763.0      0.2
 12764.0      4.2
 12765.0     10.7
 12766.0      0.7
 12767.0      3.3
 12768.0     13.3
 12769.0      9.0
 12770.0     14.0
 12771.0      0.5
 12772.0      1.2
 12773.0      0.0
 12774.0      0.0
 12775.0      0.2
 12776.0      5.4
 12777.0      3.6
 12778.0     12.9
 12779.0      0.0
 12780.0      3.5
 12781.0      2.1
 12782.0      0.2
 12783.0      0.0
 12784.0     10.7
 12785.0     26.7
 12786.0      0.0
 12788.0      0.0
 12789.0      0.9
 12790.0      4.7
 12791.0     11.9
 12792.0      4.3
 12793.0      0.0
 12794.0      0.0
 12795.0      1.2
 12796.0      8.6
 12797.0      0.0
 12798.0     15.2
 12799.0      3.7
 12800.0      0.0
 12801.0      0.2
 12802.0      0.9
 12803.0      0.0
 12805.0      0.0
 12806.0      1.8
 12807.0      0.4
 12808.0      6.9
 12809.0      3.4
 12810.0      3.8
 12811.0      5.0
 12812.0      7.9
 12813.0      2.3
 12814.0      3.3
 12815.0      0.4
 12816.0      0.0
 12821.0      0.0
 12822.0      2.7
 12823.0      0.1
 12824.0      0.0
 12833.0      0.0
 12834.0      1.6
 12835.0      0.0
 12836.0      8.2
 12837.0      0.1
 12838.0      0.0
 12839.0      0.1
 12840.0      4.8
 12841.0      0.0
 12842.0      4.0
 12843.0      5.3
 12844.0      1.9
 12845.0      0.0
 12850.0      0.0
 12851.0      2.3
 12852.0      0.0
 12866.0      0.0
 12867.0      5.0
 12868.0      0.4
 12869.0      0.8
 12870.0      7.3
 12871.0      8.6
 12872.0     16.4
 12873.0      1.1
 12874.0     10.2
 12875.0      0.1
 12876.0      3.7
 12877.0      0.0
 12882.0      0.0
 12883.0      0.2
 12884.0      0.2
 12885.0      0.0
 12888.0      0.0
 12889.0      0.4
 12890.0      0.0
 12896.0      0.0
 12897.0      3.0
 12898.0      1.8
 12899.0      3.8
 12900.0      4.4
 12901.0      0.0
 12902.0      0.9
 12903.0      6.9
 12904.0      0.2
 12905.0     10.3
 12906.0      0.9
 12907.0      0.0
 12913.0      0.0
 12914.0      5.4
 12915.0      0.4
 12916.0      0.0
 12917.0      2.1
 12918.0      0.3
 12919.0      0.1
 12920.0      0.0
 12921.0      0.0
 12922.0      3.3
 12923.0      0.0
 12926.0      0.0
 12927.0      2.2
 12928.0      0.0
 12930.0      0.0
 12931.0      2.8
 12932.0      1.1
 12933.0      0.0
 12934.0      2.2
 12935.0      0.0
 12938.0      0.0
 12939.0      0.2
 12940.0      0.0
 12941.0     11.1
 12942.0      0.0
 12944.0      0.0
 12945.0      1.7
 12946.0      1.2
 12947.0      0.0
 12950.0      0.0
 12951.0      9.7
 12952.0      0.6
 12953.0      0.0
 12954.0      2.5
 12955.0     17.3
 12956.0     16.3
 12957.0      0.1
 12958.0      0.0
 12959.0      0.0
 12960.0     16.6
 12961.0      0.0
 12969.0      0.0
 12970.0      0.7
 12971.0      1.1
 12972.0      2.0
 12973.0      0.0
 12974.0      0.0
 12975.0      0.2
 12976.0      1.0
 12977.0      0.1
 12978.0      0.0
 12979.0      0.0
 12980.0      5.6
 12981.0      0.9
 12982.0      1.7
 12983.0      0.0
 12984.0      0.0
 12985.0      1.3
 12986.0      0.4
 12987.0      1.4
 12988.0      6.5
 12989.0      1.3
 12990.0      1.7
 12991.0      1.0
 12992.0      4.8
 12993.0      0.0
 12997.0      0.0
 12998.0      3.1
 12999.0      0.0
 13002.0      0.0
 13003.0      7.2
 13004.0      0.0
 13007.0      0.0
 13008.0      5.4
 13009.0      0.2
 13010.0      6.1
 13011.0      0.0
 13016.0      0.0
 13017.0      2.5
 13018.0      6.0
 13019.0      0.0
 13021.0      0.0
 13022.0      4.4
 13023.0      0.0
 13025.0      0.0
 13026.0      3.1
 13027.0      0.0
 13028.0      0.2
 13029.0      0.0
 13030.0      1.4
 13031.0      0.9
 13032.0      0.2
 13033.0      0.0
 13036.0      0.0
 13037.0      6.2
 13038.0      1.9
 13039.0      2.7
 13040.0      0.0
 13041.0     13.7
 13042.0     10.1
 13043.0      0.1
 13044.0      3.4
 13045.0      0.0
 13046.0      0.0
 13047.0      7.9
 13048.0      4.7
 13049.0      0.0
 13058.0      0.0
 13059.0      9.5
 13060.0      6.0
 13061.0      0.5
 13062.0      2.6
 13063.0      0.0
 13068.0      0.0
 13069.0      0.7
 13070.0      0.2
 13071.0      0.0
 13072.0      0.2
 13073.0      1.3
 13074.0      0.2
 13075.0      0.7
 13076.0      0.0
 13077.0      1.5
 13078.0      0.2
 13079.0      0.0
 13086.0      0.0
 13087.0      0.1
 13088.0      0.0
 13091.0      0.0
 13092.0      0.6
 13093.0      0.6
 13094.0      0.0
 13098.0      0.0
 13099.0      6.2
 13100.0      1.2
 13101.0      1.9
 13102.0      0.0
 13103.0      2.1
 13104.0      0.0
 13105.0      4.8
 13106.0     60.1
 13107.0      3.6
 13108.0      3.3
 13109.0      1.7
 13110.0      0.3
 13111.0     13.4
 13112.0      0.4
 13113.0      0.0
 13114.0      3.7
 13115.0      0.6
 13116.0      5.3
 13117.0     15.0
 13118.0      0.0
 13119.0      0.0
 13120.0      2.0
 13121.0      0.0
 13122.0      0.3
 13123.0      0.0
 13124.0      0.0
 13125.0      6.2
 13126.0      0.0
 13127.0      0.0
 13128.0      1.0
 13129.0      0.0
 13131.0      0.0
 13132.0     13.8
 13133.0      0.7
 13134.0      0.5
 13135.0      0.0
 13136.0      0.0
 13137.0      3.4
 13138.0      0.0
 13139.0      0.8
 13140.0      0.0
 13146.0      0.0
 13147.0      2.3
 13148.0      0.0
 13149.0      8.0
 13150.0      0.7
 13151.0     12.9
 13152.0     15.4
 13153.0      0.9
 13154.0      4.0
 13155.0      0.0
 13156.0      0.0
 13157.0      4.9
 13158.0     14.5
 13159.0     11.2
 13160.0      2.9
 13161.0      0.8
 13162.0      8.7
 13163.0      3.5
 13164.0      1.7
 13165.0      0.0
 13169.0      0.0
 13170.0      4.3
 13171.0      0.6
 13172.0      0.0
 13174.0      0.0
 13175.0      3.7
 13176.0      0.0
 13177.0      7.0
 13178.0     10.7
 13179.0      6.3
 13180.0      4.2
 13181.0     10.1
 13182.0     10.5
 13183.0      0.1
 13184.0      0.0
 13185.0      0.0
 13186.0     14.1
 13187.0     12.9
 13188.0      2.9
 13189.0      3.9
 13190.0      0.0
 13191.0      3.9
 13192.0      2.4
 13193.0      0.8
 13194.0      0.0
 13196.0      0.0
 13197.0      0.7
 13198.0     13.6
 13199.0      0.3
 13200.0      0.1
 13201.0     18.9
 13202.0      0.0
 13203.0      0.1
 13204.0      0.0
 13206.0      0.0
 13207.0      0.4
 13208.0      3.5
 13209.0      3.5
 13210.0      4.1
 13211.0      2.6
 13212.0      3.9
 13213.0      4.2
 13214.0      0.2
 13215.0      0.0
 13221.0      0.0
 13222.0      2.8
 13223.0      0.0
 13227.0      0.0
 13228.0      0.2
 13229.0      0.0
 13230.0      0.3
 13231.0      0.0
 13232.0     12.2
 13233.0      0.0
 13234.0      0.5
 13235.0      6.1
 13236.0      2.9
 13237.0     11.9
 13238.0      8.5
 13239.0      3.1
 13240.0      0.0
 13241.0      0.0
 13242.0     17.8
 13243.0      1.4
 13244.0      0.1
 13245.0      0.7
 13246.0      0.0
 13247.0      0.6
 13248.0      0.0
 13249.0      0.0
 13250.0     12.7
 13251.0      3.9
 13252.0      0.0
 13253.0      3.7
 13254.0     15.4
 13255.0     16.1
 13256.0      0.0
 13260.0      0.0
 13261.0      6.3
 13262.0      1.5
 13263.0      3.0
 13264.0     13.5
 13265.0      0.3
 13266.0      1.1
 13267.0      0.0
 13268.0      2.4
 13269.0      0.1
 13270.0      0.0
 13271.0      2.7
 13272.0      0.0
 13277.0      0.0
 13278.0      3.3
 13279.0      0.1
 13280.0      4.0
 13281.0      4.2
 13282.0      0.5
 13283.0      0.0
 13284.0      3.6
 13285.0      0.0
 13286.0      0.8
 13287.0      2.2
 13288.0      0.0
 13289.0      0.0
 13290.0      2.8
 13291.0      4.0
 13292.0      4.0
 13293.0      0.0
 13294.0      0.0
 13295.0      1.5
 13296.0      0.3
 13297.0     24.4
 13298.0     32.1
 13299.0      0.0
 13300.0      5.6
 13301.0      0.8
 13302.0      5.0
 13303.0     18.1
 13304.0      7.6
 13305.0      0.0
 13306.0      0.0
 13307.0     10.9
 13308.0      0.0
 13310.0      0.0
 13311.0     13.3
 13312.0     15.4
 13313.0      6.5
 13314.0      3.4
 13315.0      0.4
 13316.0      5.3
 13317.0      2.5
 13318.0      0.1
 13319.0      2.6
 13320.0      3.1
 13321.0      1.5
 13322.0      0.0
 13323.0      0.0
 13324.0     30.6
 13325.0      0.0
 13326.0      0.0
 13327.0      2.3
 13328.0      0.1
 13329.0      0.0
 13330.0      0.0
 13331.0      3.5
 13332.0      0.1
 13333.0      0.0
 13339.0      0.0
 13340.0      0.6
 13341.0      3.7
 13342.0      2.6
 13343.0      0.0
 13349.0      0.0
 13350.0     18.4
 13351.0     33.4
 13352.0      0.0
 13353.0      1.1
 13354.0      0.0
 13357.0      0.0
 13358.0      0.1
 13359.0      0.0
 13360.0      2.2
 13361.0      0.0
 13362.0      3.5
 13363.0      0.2
 13364.0     18.6
 13365.0      2.4
 13366.0      0.0
 13368.0      0.0
 13369.0      1.9
 13370.0      1.4
 13371.0      0.2
 13372.0      2.0
 13373.0      0.0
 13377.0      0.0
 13378.0      0.6
 13379.0      0.1
 13380.0      4.2
 13381.0      0.0
 13394.0      0.0
 13395.0      1.1
 13396.0      0.1
 13397.0      0.0
 13407.0      0.0
 13408.0      7.5
 13409.0     11.6
 13410.0      0.0
 13417.0      0.0
 13418.0     16.5
 13419.0      0.0
 13421.0      0.0
 13422.0      4.8
 13423.0      0.1
 13424.0      6.4
 13425.0      0.1
 13426.0      0.0
 13428.0      0.0
 13429.0      2.1
 13430.0      2.1
 13431.0      0.0
 13432.0      0.2
 13433.0      0.0
 13437.0      0.0
 13438.0      0.8
 13439.0      3.1
 13440.0     13.0
 13441.0     45.8
 13442.0      1.2
 13443.0      5.5
 13444.0      3.4
 13445.0      5.7
 13446.0      8.2
 13447.0      0.0
 13453.0      0.0
 13454.0      0.9
 13455.0      0.0
 13456.0      0.0
 13457.0     10.4
 13458.0      2.6
 13459.0      0.4
 13460.0      0.7
 13461.0      4.6
 13462.0     20.0
 13463.0     13.7
 13464.0      0.0
 13466.0      0.0
 13467.0      4.1
 13468.0      6.7
 13469.0      2.3
 13470.0      3.8
 13471.0      4.7
 13472.0      0.0
 13483.0      0.0
 13484.0      0.1
 13485.0      0.0
 13492.0      0.0
 13493.0      1.0
 13494.0      0.5
 13495.0      0.0
 13498.0      0.0
 13499.0      0.2
 13500.0      0.2
 13501.0      0.1
 13502.0      0.0
 13503.0      0.0
 13504.0      3.7
 13505.0      0.0
 13506.0      2.3
 13507.0      0.1
 13508.0      1.3
 13509.0      0.0
 13514.0      0.0
 13515.0      1.9
 13516.0      0.1
 13517.0      5.6
 13518.0      0.1
 13519.0      0.0
 13520.0      0.9
 13521.0      1.4
 13522.0      0.0
 13523.0      2.7
 13524.0      1.7
 13525.0      2.8
 13526.0      1.3
 13527.0      4.9
 13528.0      1.6
 13529.0      0.0
 13542.0      0.0
 13543.0      7.9
 13544.0      3.9
 13545.0      0.1
 13546.0      0.1
 13547.0      2.6
 13548.0      2.5
 13549.0      0.0
 13555.0      0.0
 13556.0      0.6
 13557.0      0.0
 13559.0      0.0
 13560.0      1.4
 13561.0      1.8
 13562.0      0.0
 13563.0      0.0
 13564.0      3.1
 13565.0      5.1
 13566.0      4.3
 13567.0      1.3
 13568.0      1.3
 13569.0      0.0
 13570.0      0.0
 13571.0      1.4
 13572.0     15.3
 13573.0      8.5
 13574.0      5.5
 13575.0      0.0
 13576.0      1.0
 13577.0      5.4
 13578.0      2.2
 13579.0      1.0
 13580.0     13.6
 13581.0     15.1
 13582.0      0.0
 13589.0      0.0
 13590.0     26.1
 13591.0      1.5
 13592.0      0.0
 13593.0      8.1
 13594.0      0.8
 13595.0      0.0
 13604.0      0.0
 13605.0      3.8
 13606.0      0.0
 13617.0      0.0
 13618.0      1.5
 13619.0      1.4
 13620.0      9.6
 13621.0      1.7
 13622.0      0.4
 13623.0      0.0
 13624.0      0.0
 13625.0      0.8
 13626.0      0.0
 13628.0      0.0
 13629.0      1.6
 13630.0      2.0
 13631.0      0.0
 13633.0      0.0
 13634.0      9.9
 13635.0      4.7
 13636.0      1.8
 13637.0      0.0
 13638.0      0.0
 13639.0      1.8
 13640.0      7.2
 13641.0      7.9
 13642.0      1.2
 13643.0      0.0
 13644.0      0.0
 13645.0      0.9
 13646.0      1.8
 13647.0      0.9
 13648.0      0.2
 13649.0      0.0
 13650.0      0.0
 13651.0      0.4
 13652.0      8.4
 13653.0      0.0
 13662.0      0.0
 13663.0      2.2
 13664.0      0.0
 13666.0      0.0
 13667.0     22.3
 13668.0     17.2
 13669.0      0.5
 13670.0      2.5
 13671.0      2.1
 13672.0      0.0
 13673.0      3.9
 13674.0      0.2
 13675.0      0.0
 13690.0      0.0
 13691.0      3.7
 13692.0      2.1
 13693.0     18.9
 13694.0      0.0
 13695.0      2.8
 13696.0      1.5
 13697.0      0.0
 13700.0      0.0
 13701.0      6.9
 13702.0      0.0
 13703.0      0.0
 13704.0      6.8
 13705.0      1.8
 13706.0      3.1
 13707.0      0.0
 13708.0      0.9
 13709.0      0.0
 13713.0      0.0
 13714.0      1.2
 13715.0     30.8
 13716.0      6.5
 13717.0      0.2
 13718.0      3.8
 13719.0     22.7
 13720.0      9.7
 13721.0     13.0
 13722.0      0.0
 13723.0      0.0
 13724.0      0.1
 13725.0      6.6
 13726.0      3.9
 13727.0      0.0
 13728.0      1.8
 13729.0      0.0
 13730.0      0.3
 13731.0      0.0
 13732.0      0.0
 13733.0      0.2
 13734.0      4.2
 13735.0     17.8
 13736.0      7.8
 13737.0      8.8
 13738.0      3.2
 13739.0      0.0
 13740.0      0.0
 13741.0      1.1
 13742.0      0.0
 13743.0      0.6
 13744.0      1.7
 13745.0      0.0
 13749.0      0.0
 13750.0      0.4
 13751.0      0.0
 13752.0      0.1
 13753.0      0.0
 13754.0      0.0
 13755.0      2.2
 13756.0      1.1
 13757.0      0.0
 13758.0      1.1
 13759.0      0.0
 13760.0      0.1
 13761.0      4.4
 13762.0      0.8
 13763.0      0.0
 13764.0      0.0
 13765.0      0.6
 13766.0      0.0
 13767.0      0.5
 13768.0      1.5
 13769.0     29.6
 13770.0     31.3
 13771.0      0.0
 13774.0      0.0
 13775.0      0.6
 13776.0      0.0
 13784.0      0.0
 13785.0      0.7
 13786.0      3.7
 13787.0      0.0
 13788.0      0.4
 13789.0     15.8
 13790.0      0.0
 13791.0      6.2
 13792.0      7.3
 13793.0      2.7
 13794.0     12.4
 13795.0      0.2
 13796.0      0.2
 13797.0      0.9
 13798.0      0.0
 13806.0      0.0
 13807.0      4.0
 13808.0      3.8
 13809.0      0.0
 13810.0      1.9
 13811.0      0.9
 13812.0      0.0
 13813.0      2.9
 13814.0      3.8
 13815.0     11.0
 13816.0      0.0
 13817.0      0.1
 13818.0      0.0
 13821.0      0.0
 13822.0      9.5
 13823.0      0.0
 13824.0      0.0
 13825.0      2.1
 13826.0      0.6
 13827.0     10.2
 13828.0     17.5
 13829.0     19.0
 13830.0      0.9
 13831.0      0.0
 13833.0      0.0
 13834.0      0.1
 13835.0      0.0
 13836.0      6.8
 13837.0      4.8
 13838.0      5.1
 13839.0      0.0
 13840.0      0.0
 13841.0      2.8
 13842.0     24.8
 13843.0      0.1
 13844.0      3.9
 13845.0      2.5
 13846.0      2.7
 13847.0      6.6
 13848.0      5.0
 13849.0      0.0
 13850.0      3.4
 13851.0      1.0
 13852.0      0.0
 13853.0      0.0
 13854.0      1.1
 13855.0      7.0
 13856.0      0.4
 13857.0      3.8
 13858.0     21.2
 13859.0      0.4
 13860.0      5.2
 13861.0      4.1
 13862.0      9.3
 13863.0      1.0
 13864.0      0.7
 13865.0      3.5
 13866.0      1.3
 13867.0      2.1
 13868.0      2.1
 13869.0      2.5
 13870.0      0.0
 13872.0      0.0
 13873.0      0.5
 13874.0      2.5
 13875.0      3.5
 13876.0      3.6
 13877.0     14.6
 13878.0     10.0
 13879.0      1.5
 13880.0      3.5
 13881.0     11.2
 13882.0     38.7
 13883.0      7.1
 13884.0      1.3
 13885.0      0.0
 13886.0      0.0
 13887.0      0.2
 13888.0      0.4
 13889.0      0.0
 13892.0      0.0
 13893.0      4.2
 13894.0     11.0
 13895.0      2.6
 13896.0      3.7
 13897.0      2.6
 13898.0     14.0
 13899.0      0.1
 13900.0     14.6
 13901.0      0.0
 13902.0      0.4
 13903.0      0.0
 13904.0      3.5
 13905.0      0.0
 13906.0      1.7
 13907.0      0.0
 13908.0      2.2
 13909.0      7.7
 13910.0      7.9
 13911.0      0.2
 13912.0      3.0
 13913.0      6.7
 13914.0      0.0
 13919.0      0.0
 13920.0      0.7
 13921.0      1.0
 13922.0      0.0
 13923.0      0.0
 13924.0      9.2
 13925.0      1.7
 13926.0      5.0
 13927.0      0.0
 13938.0      0.0
 13939.0      0.7
 13940.0      0.5
 13941.0      0.4
 13942.0      0.0
 13943.0      0.0
 13944.0      0.3
 13945.0      1.2
 13946.0      2.5
 13947.0      1.5
 13948.0      0.5
 13949.0      1.9
 13950.0      9.7
 13951.0      3.0
 13952.0      0.2
 13953.0      6.2
 13954.0      0.4
 13955.0      2.4
 13956.0      0.0
 13958.0      0.0
 13959.0      1.6
 13960.0      0.3
 13961.0      0.0
 13962.0      0.0
 13963.0      0.3
 13964.0      2.1
 13965.0     10.3
 13966.0      0.0
 13967.0      1.2
 13968.0      0.0
 13969.0      3.1
 13970.0      0.0
 13971.0      0.0
 13972.0      4.5
 13973.0      0.8
 13974.0      0.0
 13977.0      0.0
 13978.0      4.9
 13979.0      0.0
 13980.0      0.0
 13981.0     21.7
 13982.0      0.0
 13990.0      0.0
 13991.0      1.9
 13992.0      0.0
 13993.0      0.8
 13994.0      0.0
 13995.0      0.0
 13996.0      1.3
 13997.0      1.9
 13998.0      0.1
 13999.0      0.0
 14007.0      0.0
 14008.0     15.7
 14009.0      0.0
 14011.0      0.0
 14012.0      0.1
 14013.0      0.0
 14016.0      0.0
 14017.0      0.2
 14018.0      6.5
 14019.0      0.0
 14020.0      1.8
 14021.0      1.1
 14022.0      1.7
 14023.0      0.0
 14029.0      0.0
 14030.0     34.1
 14031.0      0.0
 14035.0      0.0
 14036.0      5.2
 14037.0      2.6
 14038.0      0.0
 14039.0      2.5
 14040.0     12.6
 14041.0     12.1
 14042.0      0.0
 14057.0      0.0
 14058.0      0.1
 14059.0      0.0
 14062.0      0.0
 14063.0      2.2
 14064.0      0.0
 14065.0      0.1
 14066.0      0.0
 14069.0      0.0
 14070.0      0.2
 14071.0      0.0
 14073.0      0.0
 14074.0     12.7
 14075.0      4.0
 14076.0      0.9
 14077.0      0.0
 14079.0      0.0
 14080.0      0.9
 14081.0      6.6
 14082.0      0.0
 14083.0      0.0
 14084.0      0.3
 14085.0      0.0
 14086.0      0.0
 14087.0      0.1
 14088.0      0.0
 14090.0      0.0
 14091.0      2.5
 14092.0      0.3
 14093.0      0.0
 14094.0      5.9
 14095.0      0.0
 14097.0      0.0
 14098.0      3.3
 14099.0      3.4
 14100.0      0.0
 14102.0      0.0
 14103.0      3.7
 14104.0      0.0
 14112.0      0.0
 14113.0      2.2
 14114.0      2.7
 14115.0      5.3
 14116.0      0.0
 14117.0      0.3
 14118.0      0.0
 14119.0      0.0
 14120.0      3.2
 14121.0      1.9
 14122.0      0.0
 14123.0      1.1
 14124.0      0.1
 14125.0      0.0
 14126.0      0.0
 14127.0      2.6
 14128.0      0.3
 14129.0      0.0
 14133.0      0.0
 14134.0      0.8
 14135.0      0.0
 14141.0      0.0
 14142.0      2.7
 14143.0      0.9
 14144.0     21.4
 14145.0      0.0
 14161.0      0.0
 14162.0      0.1
 14163.0      0.0
 14174.0      0.0
 14175.0      5.0
 14176.0      1.0
 14177.0      0.1
 14178.0      5.6
 14179.0      4.1
 14180.0      0.2
 14181.0      1.1
 14182.0      0.0
 14183.0      1.2
 14184.0      0.0
 14191.0      0.0
 14192.0      3.1
 14193.0      5.9
 14194.0      0.0
 14195.0      3.7
 14196.0      0.0
 14205.0      0.0
 14206.0      1.3
 14207.0      0.0
 14208.0      2.4
 14209.0      0.8
 14210.0      0.0
 14211.0      0.2
 14212.0      3.7
 14213.0      0.0
 14214.0     12.1
 14215.0     43.1
 14216.0      2.0
 14217.0      0.0
 14218.0      3.6
 14219.0      0.8
 14220.0      2.3
 14221.0      4.9
 14222.0      3.9
 14223.0      1.8
 14224.0      0.0
 14227.0      0.0
 14228.0      3.9
 14229.0      2.6
 14230.0      0.2
 14231.0      1.4
 14232.0      4.8
 14233.0      2.6
 14234.0     16.5
 14235.0     15.3
 14236.0      8.6
 14237.0      0.0
 14240.0      0.0
 14241.0      0.8
 14242.0      0.1
 14243.0      1.0
 14244.0      2.4
 14245.0      0.5
 14246.0      0.3
 14247.0      0.0
 14248.0      5.0
 14249.0      3.4
 14250.0      2.9
 14251.0      5.9
 14252.0      1.7
 14253.0      0.0
 14254.0      3.1
 14255.0     16.0
 14256.0     31.8
 14257.0      2.6
 14258.0      0.2
 14259.0      0.0
 14260.0      3.7
 14261.0      0.9
 14262.0      0.0
 14265.0      0.0
 14266.0      0.3
 14267.0      0.0
 14268.0      0.4
 14269.0      3.1
 14270.0      6.7
 14271.0     12.1
 14272.0      0.0
 14273.0      0.0
 14274.0      2.8
 14275.0      1.0
 14276.0      0.1
 14277.0      0.0
 14280.0      0.0
 14281.0      0.8
 14282.0      0.0
 14283.0      2.8
 14284.0      3.2
 14285.0      3.3
 14286.0      0.0
 14302.0      0.0
 14303.0      4.5
 14304.0      0.4
 14305.0      0.0
 14306.0      2.1
 14307.0      3.1
 14308.0      0.0
 14309.0      2.7
 14310.0      2.9
 14311.0      0.5
 14312.0      7.6
 14313.0      1.5
 14314.0      0.1
 14315.0      7.3
 14316.0      6.4
 14317.0     14.8
 14318.0      5.8
 14319.0      2.5
 14320.0      1.4
 14321.0      0.0
 14326.0      0.0
 14327.0      1.4
 14328.0      0.0
 14335.0      0.0
 14336.0     16.8
 14337.0      0.8
 14338.0      0.0
 14341.0      0.0
 14342.0      6.7
 14343.0      0.1
 14344.0      0.0
 14345.0      0.0
 14346.0      4.3
 14347.0      0.0
 14349.0      0.0
 14350.0      0.9
 14351.0      0.0
 14356.0      0.0
 14357.0      0.3
 14358.0      0.0
 14359.0      4.3
 14360.0     15.0
 14361.0      0.4
 14362.0      5.1
 14363.0      3.1
 14364.0      0.0
 14365.0      3.9
 14366.0      0.3
 14367.0      5.0
 14368.0      0.0
 14370.0      0.0
 14371.0      7.6
 14372.0      8.5
 14373.0      1.9
 14374.0      6.9
 14375.0      0.0
 14379.0      0.0
 14380.0      0.6
 14381.0     14.0
 14382.0      0.1
 14383.0      5.0
 14384.0     28.2
 14385.0      0.1
 14386.0      0.0
 14389.0      0.0
 14390.0      0.2
 14391.0      1.8
 14392.0      5.0
 14393.0      0.0
 14396.0      0.0
 14397.0      3.8
 14398.0      0.0
 14399.0      0.0
 14400.0      2.5
 14401.0      3.0
 14402.0      0.0
 14403.0      0.5
 14404.0      3.1
 14405.0     14.3
 14406.0      7.5
 14407.0      3.3
 14408.0      0.0
 14409.0      0.5
 14410.0      8.4
 14411.0      0.0
 14413.0      0.0
 14414.0      0.6
 14415.0      0.0
 14416.0      7.0
 14417.0      0.0
 14430.0      0.0
 14431.0      3.1
 14432.0      0.0
 14434.0      0.0
 14435.0      1.8
 14436.0      8.1
 14437.0      2.2
 14438.0      0.6
 14439.0      0.0
 14441.0      0.0
 14442.0      0.3
 14443.0      0.0
 14444.0      0.6
 14445.0      2.9
 14446.0      0.0
 14450.0      0.0
 14451.0     28.5
 14452.0      0.8
 14453.0      0.0
 14454.0      1.1
 14455.0      0.4
 14456.0      0.0
 14457.0      0.0
 14458.0      1.0
 14459.0      0.0
 14460.0      0.5
 14461.0      6.9
 14462.0     11.6
 14463.0      0.0
 14464.0     13.6
 14465.0      0.1
 14466.0      6.7
 14467.0      0.0
 14468.0      0.0
 14469.0      0.8
 14470.0      1.9
 14471.0      0.0
 14472.0      5.1
 14473.0      0.1
 14474.0      0.0
 14475.0      0.2
 14476.0      0.0
 14483.0      0.0
 14484.0      0.3
 14485.0      0.0
 14492.0      0.0
 14493.0      6.0
 14494.0      7.9
 14495.0      1.1
 14496.0      0.0
 14508.0      0.0
 14509.0     14.2
 14510.0      2.1
 14511.0      7.1
 14512.0      3.2
 14513.0     18.1
 14514.0      1.5
 14515.0      2.8
 14516.0      0.8
 14517.0     11.5
 14518.0      3.5
 14519.0      0.0
 14520.0      8.2
 14521.0      8.5
 14522.0     24.8
 14523.0      2.5
 14524.0     16.3
 14525.0     12.3
 14526.0      6.4
 14527.0      0.4
 14528.0      0.0
 14530.0      0.0
 14531.0      6.2
 14532.0      0.3
 14533.0      5.9
 14534.0      5.4
 14535.0      9.8
 14536.0      4.6
 14537.0      0.2
 14538.0      0.0
 14542.0      0.0
 14543.0      2.1
 14544.0      0.1
 14545.0      0.0
 14547.0      0.0
 14548.0      4.6
 14549.0      6.0
 14550.0      6.0
 14551.0      4.8
 14552.0      0.7
 14553.0      0.3
 14554.0      1.0
 14555.0     22.5
 14556.0      0.7
 14557.0      0.0
 14558.0      0.2
 14559.0      0.5
 14560.0      0.0
 14562.0      0.0
 14563.0      0.6
 14564.0      0.3
 14565.0      0.7
 14566.0      0.8
 14567.0      0.0
 14571.0      0.0
 14572.0      0.1
 14573.0      0.0
 14574.0      0.7
 14575.0      4.7
 14576.0      5.5
 14577.0      0.0
 14583.0      0.0
 14584.0      9.9
 14585.0      2.5
 14586.0      4.9
 14587.0      0.0
 14588.0     11.0
 14589.0      1.7
 14590.0     17.6
 14591.0      0.6
 14592.0      6.9
 14593.0      0.1
 14594.0      0.0
 14595.0      0.1
 14596.0      0.0
 14597.0      6.4
 14598.0      0.0
 14599.0      4.4
 14600.0      1.0
 14601.0      5.5
 14602.0      8.8
 14603.0      0.0
 14604.0      4.4
 14605.0      0.0
 14609.0      0.0
 14610.0      0.2
 14611.0      0.3
 14612.0      1.0
 14613.0      0.0
 14614.0      0.0
 14615.0      0.8
 14616.0      0.7
 14617.0      0.3
 14618.0      1.6
 14619.0      0.0
 14625.0      0.0
 14626.0      0.7
 14627.0      0.0
 14634.0      0.0
 14635.0      2.6
 14636.0     10.1
 14637.0      4.1
 14638.0      2.2
 14639.0      1.1
 14640.0      9.9
 14641.0      7.2
 14642.0     20.1
 14643.0     11.6
 14644.0      0.0
 14648.0      0.0
 14649.0     20.0
 14650.0      3.1
 14651.0      2.2
 14652.0      9.4
 14653.0      4.3
 14654.0      0.0
 14655.0      0.0
 14656.0     12.5
 14657.0      0.4
 14658.0      6.2
 14659.0      0.2
 14660.0      0.2
 14661.0      1.2
 14662.0     14.0
 14663.0      3.7
 14664.0     13.5
 14665.0      5.0
 14666.0     10.9
 14667.0      0.1
 14668.0      3.5
 14669.0      1.0
 14670.0      4.6
 14671.0      4.6
 14672.0      0.0
 14673.0      9.6
 14674.0     14.9
 14675.0      0.0
 14676.0      1.3
 14677.0      3.8
 14678.0     18.7
 14679.0      0.0
 14680.0      4.6
 14681.0      1.6
 14682.0      0.0
 14688.0      0.0
 14689.0      7.6
 14690.0      0.0
 14726.0      0.0
 14727.0      0.4
 14728.0      0.7
 14729.0      1.7
 14730.0     11.4
 14731.0      0.9
 14732.0      0.0
 14733.0      2.9
 14734.0      0.0
 14737.0      0.0
 14738.0      0.1
 14739.0      0.0
 14740.0     34.2
 14741.0      0.0
 14751.0      0.0
 14752.0      3.6
 14753.0      0.5
 14754.0      0.0
 14763.0      0.0
 14764.0     15.5
 14765.0      7.7
 14766.0     11.3
 14767.0      0.0
 14769.0      0.0
 14770.0      0.4
 14771.0      1.3
 14772.0      0.0
 14773.0      0.0
 14774.0      0.8
 14775.0      2.8
 14776.0      5.5
 14777.0     38.0
 14778.0      0.0
 14779.0      2.4
 14780.0      0.2
 14781.0      0.0
 14786.0      0.0
 14787.0      0.2
 14788.0      0.7
 14789.0      4.7
 14790.0      0.0
 14791.0      0.0
 14792.0      1.7
 14793.0      0.0
 14795.0      0.0
 14796.0      1.6
 14797.0      0.0
 14804.0      0.0
 14805.0      7.3
 14806.0      6.0
 14807.0      3.5
 14808.0      0.0
 14815.0      0.0
 14816.0      1.4
 14817.0      0.0
 14822.0      0.0
 14823.0      0.2
 14824.0     27.5
 14825.0      0.0
 14831.0      0.0
 14832.0      1.8
 14833.0      0.0
 14834.0      3.0
 14835.0     10.7
 14836.0      0.1
 14837.0      0.0
 14838.0     13.5
 14839.0     12.4
 14840.0      0.1
 14841.0      0.0
 14842.0      0.0
 14843.0      1.4
 14844.0      0.0
 14848.0      0.0
 14849.0      2.7
 14850.0      0.0
 14851.0      9.2
 14852.0      4.2
 14853.0      0.0
 14856.0      0.0
 14857.0      1.9
 14858.0      0.0
 14861.0      0.0
 14862.0      1.3
 14863.0      0.0
 14873.0      0.0
 14874.0      0.1
 14875.0      0.0
 14876.0      8.0
 14877.0      1.4
 14878.0     13.3
 14879.0     12.3
 14880.0      0.0
 14881.0      1.3
 14882.0      0.0
 14883.0      0.9
 14884.0      0.1
 14885.0      2.4
 14886.0      1.6
 14887.0      1.4
 14888.0      6.9
 14889.0      3.7
 14890.0      1.4
 14891.0      0.9
 14892.0      0.2
 14893.0      2.4
 14894.0      2.1
 14895.0      0.0
 14896.0      3.3
 14897.0      1.4
 14898.0      0.7
 14899.0      0.2
 14900.0      0.0
 14903.0      0.0
 14904.0      0.4
 14905.0      6.6
 14906.0      0.0
 14907.0      0.1
 14908.0     16.6
 14909.0      0.0
 14910.0      3.1
 14911.0     13.0
 14912.0      1.3
 14913.0      0.0
 14914.0      9.1
 14915.0      0.1
 14916.0      2.0
 14917.0      0.0
 14924.0      0.0
 14925.0      0.4
 14926.0      0.1
 14927.0      0.0
 14928.0      6.1
 14929.0      1.6
 14930.0      0.1
 14931.0      0.0
 14932.0      3.6
 14933.0      0.0
 14935.0      0.0
 14936.0      0.5
 14937.0      0.0
 14942.0      0.0
 14943.0      1.1
 14944.0     11.4
 14945.0      0.0
 14946.0      0.1
 14947.0      1.4
 14948.0      5.2
 14949.0      5.3
 14950.0      2.9
 14951.0      0.0
 14952.0      0.6
 14953.0      0.0
 14954.0      0.1
 14955.0      3.7
 14956.0      0.5
 14957.0      0.0
 14958.0      2.2
 14959.0      0.1
 14960.0      0.0
 14962.0      0.0
 14963.0      3.7
 14964.0      9.0
 14965.0      1.5
 14966.0     15.2
 14967.0      7.1
 14968.0      3.4
 14969.0      0.0
 14970.0      0.2
 14971.0      3.2
 14972.0      2.5
 14973.0      1.0
 14974.0      3.7
 14975.0      0.0
 14976.0      0.0
 14977.0      4.9
 14978.0      0.0
 14979.0      0.0
 14980.0      1.2
 14981.0      0.2
 14982.0      2.1
 14983.0      0.0
 14985.0      0.0
 14986.0     14.0
 14987.0      0.0
 14989.0      0.0
 14990.0      0.3
 14991.0      2.9
 14992.0      1.1
 14993.0      3.5
 14994.0      0.0
 14995.0      7.2
 14996.0     10.3
 14997.0      3.8
 14998.0      0.6
 14999.0      4.3
 15000.0      0.9
 15001.0      2.9
 15002.0     15.5
 15003.0      9.0
 15004.0      4.6
 15005.0      0.2
 15006.0      9.0
 15007.0     11.3
 15008.0     13.3
 15009.0      0.0
 15010.0      5.3
 15011.0      1.0
 15012.0      6.1
 15013.0      2.8
 15014.0      0.0
 15015.0      2.1
 15016.0      0.0
 15019.0      0.0
 15020.0      0.8
 15021.0      0.3
 15022.0      1.4
 15023.0      1.1
 15024.0      0.0
 15036.0      0.0
 15037.0      6.7
 15038.0      0.3
 15039.0      0.0
 15041.0      0.0
 15042.0      1.2
 15043.0      1.1
 15044.0      5.4
 15045.0      3.9
 15046.0      5.0
 15047.0      3.9
 15048.0      9.0
 15049.0      1.3
 15050.0      4.2
 15051.0      0.0
 15052.0      0.8
 15053.0      0.0
 15059.0      0.0
 15060.0      1.5
 15061.0      0.0
 15068.0      0.0
 15069.0      4.2
 15070.0      3.6
 15071.0      3.6
 15072.0      0.0
 15074.0      0.0
 15075.0      3.1
 15076.0      1.1
 15077.0      0.0
 15078.0      0.6
 15079.0      0.0
 15080.0      0.0
 15081.0      0.1
 15082.0      0.3
 15083.0      0.0
 15091.0      0.0
 15092.0      2.8
 15093.0      4.7
 15094.0      2.5
 15095.0      1.8
 15096.0      0.9
 15097.0      0.0
 15098.0      7.4
 15099.0      4.4
 15100.0      6.8
 15101.0      0.2
 15102.0      0.0
 15104.0      0.0
 15105.0      5.8
 15106.0      3.3
 15107.0      0.0
 15108.0      0.0
 15109.0      1.4
 15110.0      2.5
 15111.0      1.6
 15112.0      2.8
 15113.0      0.0
 15114.0      2.1
 15115.0      0.2
 15116.0      3.9
 15117.0      0.5
 15118.0      0.0
 15119.0      2.8
 15120.0      6.0
 15121.0      3.6
 15122.0      0.0
 15128.0      0.0
 15129.0      2.4
 15130.0     20.8
 15131.0      0.6
 15132.0      4.2
 15133.0      2.1
 15134.0     11.1
 15135.0      0.5
 15136.0      0.0
 15143.0      0.0
 15144.0      0.2
 15145.0     23.0
 15146.0     14.0
 15147.0      2.2
 15148.0     22.3
 15149.0     21.4
 15150.0      6.5
 15151.0      0.0
 15152.0      0.5
 15153.0     10.6
 15154.0     11.5
 15155.0      3.8
 15156.0      1.6
 15157.0      0.0
 15158.0      0.0
 15159.0     41.2
 15160.0      0.6
 15161.0     12.5
 15162.0      0.0
 15163.0      1.9
 15164.0     10.4
 15165.0      8.9
 15166.0      1.1
 15167.0      1.1
 15168.0     46.4
 15169.0      2.3
 15170.0      6.4
 15171.0      0.0
 15178.0      0.0
 15179.0      0.4
 15180.0      0.0
 15181.0      0.0
 15182.0      0.6
 15183.0      2.8
 15184.0      0.0
 15186.0      0.0
 15187.0      2.5
 15188.0      3.6
 15189.0      6.7
 15190.0      0.0
 15191.0      0.0
 15192.0      5.3
 15193.0      1.6
 15194.0      1.5
 15195.0      0.1
 15196.0      0.0
 15198.0      0.0
 15199.0      1.1
 15200.0      0.0
 15201.0      0.3
 15202.0     10.3
 15203.0      3.3
 15204.0      0.0
 15207.0      0.0
 15208.0     10.3
 15209.0      1.0
 15210.0      0.1
 15211.0      0.0
 15212.0      3.1
 15213.0      1.4
 15214.0      0.4
 15215.0     17.6
 15216.0      0.8
 15217.0      0.1
 15218.0      0.0
 15226.0      0.0
 15227.0      0.7
 15228.0      1.2
 15229.0      0.3
 15230.0      0.0
 15231.0      0.0
 15232.0      8.8
 15233.0      3.4
 15234.0      0.0
 15242.0      0.0
 15243.0      0.1
 15244.0      0.3
 15245.0      0.1
 15246.0      1.2
 15247.0      0.0
 15248.0      0.0
 15249.0      0.1
 15250.0      2.9
 15251.0      6.0
 15252.0      5.1
 15253.0      4.3
 15254.0      0.0
 15258.0      0.0
 15259.0      8.3
 15260.0      0.6
 15261.0      0.0
 15265.0      0.0
 15266.0      4.9
 15267.0     13.4
 15268.0     13.9
 15269.0      0.0
 15270.0      0.2
 15271.0      0.0
 15272.0      0.0
 15273.0      1.0
 15274.0      0.0
 15276.0      0.0
 15277.0      1.5
 15278.0      0.1
 15279.0      5.0
 15280.0      5.9
 15281.0      4.9
 15282.0      3.4
 15283.0      0.6
 15284.0      0.0
 15285.0      2.1
 15286.0      0.0
 15290.0      0.0
 15291.0      3.7
 15292.0      0.3
 15293.0      0.0
 15294.0      0.9
 15295.0      0.5
 15296.0      0.1
 15297.0      0.0
 15298.0      0.0
 15299.0      0.6
 15300.0      0.3
 15301.0      0.0
 15303.0      0.0
 15304.0      0.2
 15305.0      1.6
 15306.0      0.4
 15307.0      2.8
 15308.0     32.2
 15309.0      3.8
 15310.0      4.5
 15311.0      0.0
 15312.0     18.9
 15313.0      1.7
 15314.0      0.0
 15315.0      0.8
 15316.0      0.9
 15317.0      0.7
 15318.0      4.9
 15319.0      1.2
 15320.0      0.5
 15321.0      0.0
 15322.0      0.2
 15323.0      0.0
 15326.0      0.0
 15327.0      0.2
 15328.0      0.0
 15330.0      0.0
 15331.0      0.3
 15332.0      7.4
 15333.0     17.6
 15334.0      3.6
 15335.0      7.0
 15336.0      9.0
 15337.0      7.4
 15338.0      1.6
 15339.0      0.0
 15341.0      0.0
 15342.0      3.8
 15343.0     39.1
 15344.0      1.0
 15345.0      0.3
 15346.0      2.0
 15347.0      4.5
 15348.0      8.7
 15349.0      0.0
 15354.0      0.0
 15355.0      0.3
 15356.0      0.6
 15357.0      0.0
 15358.0      1.9
 15359.0      3.5
 15360.0      0.2
 15361.0      0.1
 15362.0      0.0
 15365.0      0.0
 15366.0      0.5
 15367.0      0.0
 15368.0      0.1
 15369.0      1.3
 15370.0      5.9
 15371.0      6.2
 15372.0      0.9
 15373.0      0.7
 15374.0      1.3
 15375.0      0.2
 15376.0     22.0
 15377.0      0.2
 15378.0      1.4
 15379.0      0.0
 15380.0      0.0
 15381.0      3.5
 15382.0      0.0
 15383.0      0.0
 15384.0      1.7
 15385.0      0.2
 15386.0      4.3
 15387.0      4.5
 15388.0      1.2
 15389.0      0.0
 15390.0      0.0
 15391.0      6.4
 15392.0      1.2
 15393.0      2.8
 15394.0      2.7
 15395.0      0.9
 15396.0      0.0
 15411.0      0.0
 15412.0      1.5
 15413.0      6.2
 15414.0      0.0
 15415.0      0.3
 15416.0      0.0
 15428.0      0.0
 15429.0      6.9
 15430.0      7.0
 15431.0      1.0
 15432.0      0.0
 15433.0      0.1
 15434.0     18.3
 15435.0      0.6
 15436.0      6.0
 15437.0     36.3
 15438.0      1.4
 15439.0      0.0
 15452.0      0.0
 15453.0     18.5
 15454.0      0.1
 15455.0      7.7
 15456.0      0.0
 15458.0      0.0
 15459.0      8.1
 15460.0      0.1
 15461.0      0.0
 15462.0      7.3
 15463.0      0.1
 15464.0      0.1
 15465.0      0.0
 15477.0      0.0
 15478.0      0.1
 15479.0      0.3
 15480.0      0.0
 15481.0      0.2
 15482.0      3.2
 15483.0      0.7
 15484.0      0.0
 15485.0      0.0
 15486.0      0.1
 15487.0      0.0
 15488.0      3.4
 15489.0      0.0
 15493.0      0.0
 15494.0      0.2
 15495.0     16.9
 15496.0      0.0
 15497.0      0.2
 15498.0      1.9
 15499.0      4.4
 15500.0      0.0
 15501.0      0.0
 15502.0      0.2
 15503.0      0.0
 15511.0      0.0
 15512.0      2.1
 15513.0      0.0
 15514.0     18.5
 15515.0      0.0
 15516.0      1.9
 15517.0     24.1
 15518.0      0.0
 15519.0      0.0
 15520.0      0.7
 15521.0     10.0
 15522.0      0.0
 15526.0      0.0
 15527.0      0.1
 15528.0      0.0
 15539.0      0.0
 15540.0     11.2
 15541.0      0.1
 15542.0      0.0
 15543.0      0.4
 15544.0      0.0
 15568.0      0.0
 15569.0      0.7
 15570.0      0.0
 15571.0      1.2
 15572.0      0.0
 15576.0      0.0
 15577.0      1.5
 15578.0      3.7
 15579.0      0.0
 15581.0      0.0
 15582.0      1.1
 15583.0      0.0
 15584.0      0.0
 15585.0      8.1
 15586.0      0.1
 15587.0      0.0
 15588.0      0.1
 15589.0      1.6
 15590.0      7.1
 15591.0      5.4
 15592.0      5.1
 15593.0      0.1
 15594.0      0.0
 15595.0      0.0
 15596.0     28.4
 15597.0      6.7
 15598.0      0.4
 15599.0      6.3
 15600.0      5.4
 15601.0      1.5
 15602.0      0.0
 15605.0      0.0
 15606.0      7.3
 15607.0      5.6
 15608.0      6.8
 15609.0     12.9
 15610.0      9.0
 15611.0      0.0
 15612.0      0.0
 15613.0     13.0
 15614.0     34.3
 15615.0      0.1
 15616.0      0.1
 15617.0      0.0
 15624.0      0.0
 15625.0      0.3
 15626.0      9.8
 15627.0     16.5
 15628.0      0.0
 15629.0      0.0
 15630.0      1.8
 15631.0      0.0
 15632.0     17.6
 15633.0     17.2
 15634.0      0.1
 15635.0      0.7
 15636.0      3.3
 15637.0      0.0
 15638.0      0.2
 15639.0      0.1
 15640.0      0.0
 15643.0      0.0
 15644.0      0.2
 15645.0      0.0
 15646.0      3.3
 15647.0      3.6
 15648.0      3.1
 15649.0      0.0
 15650.0      0.1
 15651.0      0.9
 15652.0     15.4
 15653.0      0.0
 15654.0      0.1
 15655.0      0.0
 15656.0      0.0
 15657.0      1.1
 15658.0      0.3
 15659.0      4.0
 15660.0     11.5
 15661.0      9.5
 15662.0     12.7
 15663.0     12.7
 15664.0      0.8
 15665.0      0.9
 15666.0      4.4
 15667.0      1.4
 15668.0      0.8
 15669.0      0.0
 15670.0      0.0
 15671.0      5.4
 15672.0      2.0
 15673.0      1.1
 15674.0      0.0
 15675.0      1.2
 15676.0      0.0
 15677.0      0.4
 15678.0      1.0
 15679.0      0.0
 15680.0      0.5
 15681.0      0.0
 15683.0      0.0
 15684.0      0.4
 15685.0      0.0
 15686.0      0.0
 15687.0      2.5
 15688.0      0.0
 15691.0      0.0
 15692.0      0.2
 15693.0      1.5
 15694.0      6.3
 15695.0      9.3
 15696.0     10.8
 15697.0     12.8
 15698.0      0.1
 15699.0      5.8
 15700.0      0.0
 15701.0      0.0
 15702.0      4.5
 15703.0      1.9
 15704.0      0.2
