2 1
31.05.2016 01:00:00.00 3600 7.71604e-08
0.0 0.0 0.0 0.6
1.0 0.0 0.0 0.6
2.0 0.0 0.0 0.6
3.0 0.0 0.0 0.6
4.0 0.0 0.0 0.6
5.0 0.0 0.0 0.6
6.0 0.0 0.0 0.6
7.0 0.0 0.0 0.6
8.0 0.0 0.0 0.6
9.0 0.0 0.0 0.6
10.0 0.0 0.0 0.6
11.0 0.0 0.0 0.6
12.0 0.0 0.0 0.6
13.0 0.0 0.0 0.6
14.0 0.0 0.0 0.6
15.0 0.0 0.0 0.6
16.0 0.0 0.0 0.6
17.0 0.0 0.0 0.6
18.0 0.0 0.0 0.6
19.0 0.0 0.0 0.6
20.0 0.0 0.0 0.6
21.0 0.0 0.0 0.6
22.0 0.0 0.0 0.6
23.0 -0.0046158186 -0.001978208 0.6
24.0 2.7896897e-06 1.1955814e-06 0.6
25.0 5.8936766e-06 2.5258614e-06 0.6
26.0 9.112896e-06 3.905527e-06 0.6
27.0 1.2500047e-05 5.357163e-06 0.6
28.0 1.2546087e-05 5.376895e-06 0.6
29.0 -6.1637434e-06 -2.6416044e-06 0.6
30.0 -0.00010786849 -4.6229354e-05 0.6
31.0 -0.00027639454 -0.00011845481 0.6
32.0 -0.0005060587 -0.00021688231 0.6
33.0 -0.0007567589 -0.00032432526 0.6
34.0 -0.0010878834 -0.00046623574 0.6
35.0 -0.0013537464 -0.00058017706 0.6
36.0 -0.0016989222 -0.00072810956 0.6
37.0 -0.002007743 -0.0008604613 0.6
38.0 -0.0022804462 -0.0009773341 0.6
39.0 -0.002476056 -0.001061167 0.6
40.0 -0.0026074077 -0.0011174605 0.6
41.0 -0.0026790092 -0.0011481468 0.6
42.0 -0.0027174142 -0.0011646061 0.6
43.0 -0.0027380593 -0.0011734541 0.6
44.0 -0.0027559055 -0.0011811024 0.6
45.0 -0.002773527 -0.0011886545 0.6
46.0 -0.0027927405 -0.0011968889 0.6
47.0 -0.0028042858 -0.0012018369 0.6
48.0 -9.842076e-06 -4.2180327e-06 0.6
49.0 -2.22032e-05 -9.515657e-06 0.6
50.0 -3.236095e-05 -1.3868979e-05 0.6
51.0 -3.7990623e-05 -1.6281698e-05 0.6
52.0 -5.1265688e-05 -2.197101e-05 0.6
53.0 -8.6699496e-05 -3.715693e-05 0.6
54.0 -0.0001207979 -5.177053e-05 0.6
55.0 -0.00019338091 -8.287754e-05 0.6
56.0 -0.00029798684 -0.00012770866 0.6
57.0 -0.00045083306 -0.00019321417 0.6
58.0 -0.00065846596 -0.0002821997 0.6
59.0 -0.0008954702 -0.00038377297 0.6
60.0 -0.0011032394 -0.0004728169 0.6
61.0 -0.0012943791 -0.0005547339 0.6
62.0 -0.0015069095 -0.0006458184 0.6
63.0 -0.001677567 -0.00071895734 0.6
64.0 -0.0018138157 -0.00077734963 0.6
65.0 -0.0019106154 -0.0008188352 0.6
66.0 -0.0019478088 -0.0008347752 0.6
67.0 -0.001959698 -0.00083987066 0.6
68.0 -0.0019597076 -0.0008398747 0.6
69.0 -0.0019593833 -0.0008397357 0.6
70.0 -0.0019584922 -0.0008393539 0.6
71.0 -0.001957225 -0.00083881075 0.6
72.0 8.329463e-07 3.56977e-07 0.6
73.0 1.252473e-06 5.3677417e-07 0.6
74.0 3.1897825e-06 1.3670497e-06 0.6
75.0 5.712753e-06 2.448323e-06 0.6
76.0 6.4755186e-06 2.7752224e-06 0.6
77.0 4.0837285e-06 1.7501695e-06 0.6
78.0 -9.773983e-05 -4.1888503e-05 0.6
79.0 -0.0002671898 -0.00011450992 0.6
80.0 -0.0005249702 -0.00022498723 0.6
81.0 -0.00080027344 -0.00034297435 0.6
82.0 -0.0011080524 -0.00047487963 0.6
83.0 -0.0013158803 -0.00056394876 0.6
84.0 -0.0015034929 -0.00064435415 0.6
85.0 -0.0017496569 -0.000749853 0.6
86.0 -0.001971252 -0.0008448224 0.6
87.0 -0.0022023548 -0.00094386644 0.6
88.0 -0.0023567001 -0.0010100144 0.6
89.0 -0.0024374756 -0.0010446324 0.6
90.0 -0.0024892993 -0.0010668426 0.6
91.0 -0.0024974844 -0.0010703505 0.6
92.0 -0.0024974947 -0.001070355 0.6
93.0 -0.002497619 -0.0010704082 0.6
94.0 -0.0024973382 -0.0010702879 0.6
95.0 -0.0024971568 -0.0010702101 0.6
96.0 1.3584195e-06 5.8217984e-07 0.6
97.0 2.8512716e-06 1.2219737e-06 0.6
98.0 3.4449138e-06 1.4763917e-06 0.6
99.0 3.7003347e-06 1.5858578e-06 0.6
100.0 2.36623e-06 1.0140986e-06 0.6
101.0 -2.1861704e-05 -9.3693025e-06 0.6
102.0 -9.930774e-05 -4.2560463e-05 0.6
103.0 -0.00024798303 -0.00010627845 0.6
104.0 -0.0004486471 -0.00019227734 0.6
105.0 -0.0006731524 -0.0002884939 0.6
106.0 -0.00081323955 -0.00034853123 0.6
107.0 -0.0010143442 -0.00043471897 0.6
108.0 -0.0012441569 -0.0005332101 0.6
109.0 -0.0014711032 -0.0006304728 0.6
110.0 -0.0016965861 -0.0007271084 0.6
111.0 -0.0018876875 -0.00080900895 0.6
112.0 -0.0020474084 -0.0008774608 0.6
113.0 -0.0021419832 -0.0009179929 0.6
114.0 -0.0021498862 -0.0009213799 0.6
115.0 -0.0021500182 -0.00092143647 0.6
116.0 -0.0021465283 -0.0009199407 0.6
117.0 -0.0021428587 -0.00091836805 0.6
118.0 -0.0021340582 -0.0009145964 0.6
119.0 -0.0021316078 -0.0009135463 0.6
120.0 1.5137774e-06 6.487618e-07 0.6
121.0 3.4969485e-06 1.4986923e-06 0.6
122.0 5.4936895e-06 2.3544385e-06 0.6
123.0 6.515398e-06 2.7923136e-06 0.6
124.0 6.2454988e-06 2.6766425e-06 0.6
125.0 5.0055223e-06 2.145224e-06 0.6
126.0 -9.5095915e-05 -4.0755396e-05 0.6
127.0 -0.00028622113 -0.00012266621 0.6
128.0 -0.0005675587 -0.00024323945 0.6
129.0 -0.00091517414 -0.0003922175 0.6
130.0 -0.001282133 -0.0005494856 0.6
131.0 -0.0016729871 -0.0007169945 0.6
132.0 -0.0020139178 -0.0008631077 0.6
133.0 -0.0023214656 -0.0009949139 0.6
134.0 -0.0026259106 -0.0011253903 0.6
135.0 -0.0029076 -0.0012461144 0.6
136.0 -0.0030750078 -0.0013178606 0.6
137.0 -0.0031590532 -0.0013538799 0.6
138.0 -0.003180043 -0.0013628757 0.6
139.0 -0.0031735406 -0.0013600888 0.6
140.0 -0.0031708684 -0.0013589436 0.6
141.0 -0.0031681787 -0.001357791 0.6
142.0 -0.0031657931 -0.0013567685 0.6
143.0 -0.0031627002 -0.001355443 0.6
144.0 2.5703507e-06 1.101579e-06 0.6
145.0 4.0257673e-06 1.7253291e-06 0.6
146.0 5.0073063e-06 2.1459887e-06 0.6
147.0 5.2503424e-06 2.2501467e-06 0.6
148.0 -1.992042e-06 -8.5373233e-07 0.6
149.0 -4.520483e-05 -1.93735e-05 0.6
150.0 -0.00017945233 -7.6908145e-05 0.6
151.0 -0.00042722988 -0.00018309853 0.6
152.0 -0.0007984301 -0.00034218436 0.6
153.0 -0.0012812444 -0.00054910476 0.6
154.0 -0.0018306072 -0.00078454596 0.6
155.0 -0.0024319396 -0.0010422599 0.6
156.0 -0.003014938 -0.0012921164 0.6
157.0 -0.0035696272 -0.0015298403 0.6
158.0 -0.0040258607 -0.001725369 0.6
159.0 -0.004430501 -0.0018987862 0.6
160.0 -0.0047317147 -0.0020278778 0.6
161.0 -0.004893276 -0.0020971184 0.6
162.0 -0.0049961424 -0.002141204 0.6
163.0 -0.0050556543 -0.0021667092 0.6
164.0 -0.0051117493 -0.0021907499 0.6
165.0 -0.005163659 -0.0022129968 0.6
166.0 -0.0052006925 -0.0022288682 0.6
167.0 -0.0052217753 -0.002237904 0.6
168.0 -8.983624e-06 -3.850125e-06 0.6
169.0 -7.160551e-06 -3.0688077e-06 0.6
170.0 5.167496e-07 2.2146412e-07 0.6
171.0 8.152368e-06 3.493872e-06 0.6
172.0 -4.205361e-06 -1.8022978e-06 0.6
173.0 -5.7661073e-05 -2.471189e-05 0.6
174.0 -0.0002411678 -0.00010335763 0.6
175.0 -0.0005540225 -0.00023743823 0.6
176.0 -0.0009664719 -0.00041420228 0.6
177.0 -0.0014834267 -0.0006357543 0.6
178.0 -0.0020671443 -0.000885919 0.6
179.0 -0.002662034 -0.0011408718 0.6
180.0 -0.0032532404 -0.001394246 0.6
181.0 -0.0037908123 -0.0016246339 0.6
182.0 -0.004244621 -0.0018191233 0.6
183.0 -0.0046018246 -0.0019722106 0.6
184.0 -0.00482508 -0.0020678914 0.6
185.0 -0.0049879523 -0.002137694 0.6
186.0 -0.005026674 -0.0021542888 0.6
187.0 -0.00502696 -0.0021544115 0.6
188.0 -0.0050274995 -0.0021546427 0.6
189.0 -0.005027322 -0.0021545668 0.6
190.0 -0.0050267745 -0.0021543321 0.6
191.0 -0.005026346 -0.0021541484 0.6
192.0 1.0789456e-06 4.624053e-07 0.6
193.0 2.7555766e-06 1.1809615e-06 0.6
194.0 4.9593496e-06 2.1254357e-06 0.6
195.0 6.9019607e-06 2.9579833e-06 0.6
196.0 6.063722e-06 2.5987383e-06 0.6
197.0 -7.849159e-06 -3.3639258e-06 0.6
198.0 -9.599248e-05 -4.1139636e-05 0.6
199.0 -0.00020589509 -8.824076e-05 0.6
200.0 -0.00037741615 -0.00016174978 0.6
201.0 -0.0005658662 -0.00024251408 0.6
202.0 -0.00068977644 -0.0002956185 0.6
203.0 -0.0008849001 -0.00037924293 0.6
204.0 -0.001134613 -0.00048626272 0.6
205.0 -0.0013650456 -0.0005850196 0.6
206.0 -0.0016107006 -0.0006903003 0.6
207.0 -0.0018495087 -0.00079264666 0.6
208.0 -0.0020155292 -0.00086379825 0.6
209.0 -0.0021113465 -0.0009048628 0.6
210.0 -0.0021511547 -0.0009219235 0.6
211.0 -0.0021599191 -0.0009256797 0.6
212.0 -0.0021581363 -0.00092491566 0.6
213.0 -0.0021575314 -0.0009246564 0.6
214.0 -0.0021558113 -0.00092391914 0.6
215.0 -0.0021619322 -0.00092654245 0.6
216.0 -1.5452302e-05 -6.622416e-06 0.6
217.0 -3.6579066e-05 -1.5676744e-05 0.6
218.0 -6.0551683e-05 -2.5950723e-05 0.6
219.0 -8.198703e-05 -3.5137302e-05 0.6
220.0 -0.00011700483 -5.014493e-05 0.6
221.0 -0.00019073709 -8.174447e-05 0.6
222.0 -0.00032015046 -0.00013720735 0.6
223.0 -0.0005456796 -0.00023386268 0.6
224.0 -0.00088202645 -0.00037801135 0.6
225.0 -0.0013170203 -0.0005644373 0.6
226.0 -0.0018707305 -0.0008017417 0.6
227.0 -0.0024649082 -0.0010563893 0.6
228.0 -0.0030471769 -0.001305933 0.6
229.0 -0.0035730593 -0.0015313112 0.6
230.0 -0.004017213 -0.0017216627 0.6
231.0 -0.004407424 -0.001888896 0.6
232.0 -0.004727615 -0.002026121 0.6
233.0 -0.004920076 -0.0021086042 0.6
234.0 -0.0050055184 -0.0021452224 0.6
235.0 -0.005024824 -0.002153496 0.6
236.0 -0.005029129 -0.0021553412 0.6
237.0 -0.005030837 -0.002156073 0.6
238.0 -0.005031049 -0.002156164 0.6
239.0 -0.005029563 -0.002155527 0.6
240.0 1.9145093e-06 8.2050406e-07 0.6
241.0 4.1672574e-06 1.7859676e-06 0.6
242.0 6.5955473e-06 2.8266631e-06 0.6
243.0 9.200267e-06 3.942972e-06 0.6
244.0 7.772284e-06 3.330979e-06 0.6
245.0 1.2083341e-06 5.1785753e-07 0.6
246.0 -0.00014557812 -6.239062e-05 0.6
247.0 -0.00040157788 -0.00017210482 0.6
248.0 -0.0007424997 -0.00031821418 0.6
249.0 -0.0011089959 -0.00047528397 0.6
250.0 -0.0015927228 -0.00068259554 0.6
251.0 -0.002115159 -0.0009064968 0.6
252.0 -0.0026483466 -0.0011350057 0.6
253.0 -0.0031543837 -0.0013518787 0.6
254.0 -0.0036211438 -0.0015519188 0.6
255.0 -0.004009429 -0.0017183267 0.6
256.0 -0.004283158 -0.0018356392 0.6
257.0 -0.004433836 -0.0019002155 0.6
258.0 -0.0044970135 -0.0019272916 0.6
259.0 -0.0045265234 -0.0019399388 0.6
260.0 -0.004534003 -0.0019431442 0.6
261.0 -0.0045353626 -0.0019437269 0.6
262.0 -0.0045364453 -0.0019441909 0.6
263.0 -0.004537365 -0.0019445851 0.6
264.0 -8.83231e-07 -3.785276e-07 0.6
265.0 -2.043666e-06 -8.758569e-07 0.6
266.0 -4.0411837e-06 -1.7319359e-06 0.6
267.0 -7.828666e-06 -3.3551428e-06 0.6
268.0 -1.6498529e-05 -7.070798e-06 0.6
269.0 -4.000256e-05 -1.7143955e-05 0.6
270.0 -0.000120110184 -5.1475796e-05 0.6
271.0 -0.00027541144 -0.00011803347 0.6
272.0 -0.00050328986 -0.00021569568 0.6
273.0 -0.0007771475 -0.00033306322 0.6
274.0 -0.0011245407 -0.00048194604 0.6
275.0 -0.0014424673 -0.0006182003 0.6
276.0 -0.0017008211 -0.00072892336 0.6
277.0 -0.001969271 -0.00084397336 0.6
278.0 -0.0022184073 -0.00095074606 0.6
279.0 -0.0024101925 -0.0010329396 0.6
280.0 -0.002551448 -0.0010934778 0.6
281.0 -0.0026138797 -0.0011202343 0.6
282.0 -0.0026379102 -0.0011305329 0.6
283.0 -0.0026449729 -0.0011335599 0.6
284.0 -0.0026456092 -0.0011338326 0.6
285.0 -0.002644352 -0.0011332937 0.6
286.0 -0.002645119 -0.0011336226 0.6
287.0 -0.002645696 -0.0011338698 0.6
288.0 -8.037873e-06 -3.444803e-06 0.6
289.0 -1.6522465e-05 -7.0810565e-06 0.6
290.0 -2.2356791e-05 -9.581483e-06 0.6
291.0 -3.1192998e-05 -1.3368429e-05 0.6
292.0 -5.2745167e-05 -2.2605072e-05 0.6
293.0 -8.394269e-05 -3.597544e-05 0.6
294.0 -0.00012869734 -5.5156008e-05 0.6
295.0 -0.00021542257 -9.2323964e-05 0.6
296.0 -0.000329542 -0.0001412323 0.6
297.0 -0.0004798605 -0.0002056545 0.6
298.0 -0.00062080816 -0.00026606064 0.6
299.0 -0.0008739196 -0.000374537 0.6
300.0 -0.0011001726 -0.0004715026 0.6
301.0 -0.0013651983 -0.000585085 0.6
302.0 -0.0016218493 -0.0006950783 0.6
303.0 -0.0018521417 -0.0007937751 0.6
304.0 -0.0020010122 -0.0008575767 0.6
305.0 -0.0020744514 -0.0008890506 0.6
306.0 -0.0021086258 -0.0009036968 0.6
307.0 -0.0021256385 -0.00091098796 0.6
308.0 -0.0021348223 -0.0009149239 0.6
309.0 -0.0021382337 -0.00091638596 0.6
310.0 -0.0021487926 -0.00092091114 0.6
311.0 -0.0021557985 -0.00092391367 0.6
312.0 -8.07609e-06 -3.461182e-06 0.6
313.0 -8.532655e-06 -3.656852e-06 0.6
314.0 -1.5384785e-05 -6.5934796e-06 0.6
315.0 -2.6172042e-05 -1.121659e-05 0.6
316.0 -4.968728e-05 -2.129455e-05 0.6
317.0 -8.273641e-05 -3.5458463e-05 0.6
318.0 -0.0001387731 -5.947419e-05 0.6
319.0 -0.00022901106 -9.8147604e-05 0.6
320.0 -0.00035951223 -0.00015407667 0.6
321.0 -0.0005103873 -0.00021873742 0.6
322.0 -0.0007066371 -0.0003028445 0.6
323.0 -0.0009908942 -0.00042466892 0.6
324.0 -0.0013619488 -0.00058369234 0.6
325.0 -0.0016879375 -0.00072340184 0.6
326.0 -0.0020755923 -0.00088953954 0.6
327.0 -0.002353688 -0.0010087235 0.6
328.0 -0.0025560816 -0.0010954636 0.6
329.0 -0.0027047072 -0.0011591603 0.6
330.0 -0.0028068267 -0.0012029258 0.6
331.0 -0.0028685057 -0.0012293597 0.6
332.0 -0.0029068568 -0.0012457959 0.6
333.0 -0.0029301692 -0.0012557869 0.6
334.0 -0.0029428469 -0.0012612201 0.6
335.0 -0.0029567308 -0.0012671704 0.6
336.0 -5.0046588e-06 -2.1448539e-06 0.6
337.0 -1.0491765e-06 -4.496471e-07 0.6
338.0 6.828711e-06 2.9265905e-06 0.6
339.0 1.12049875e-05 4.8021375e-06 0.6
340.0 4.071167e-06 1.744786e-06 0.6
341.0 -3.5067053e-05 -1.5028738e-05 0.6
342.0 -0.00021371891 -9.159383e-05 0.6
343.0 -0.00048214002 -0.00020663145 0.6
344.0 -0.00076009374 -0.00032575446 0.6
345.0 -0.0010808897 -0.00046323848 0.6
346.0 -0.0013986672 -0.00059942884 0.6
347.0 -0.0016797872 -0.00071990886 0.6
348.0 -0.0019567027 -0.00083858694 0.6
349.0 -0.002128517 -0.0009122216 0.6
350.0 -0.0022457344 -0.0009624577 0.6
351.0 -0.0023186952 -0.0009937265 0.6
352.0 -0.0024026388 -0.0010297024 0.6
353.0 -0.0024570206 -0.0010530088 0.6
354.0 -0.002488892 -0.0010666681 0.6
355.0 -0.0025054296 -0.0010737556 0.6
356.0 -0.0025233498 -0.0010814357 0.6
357.0 -0.0025431612 -0.0010899262 0.6
358.0 -0.00255967 -0.0010970015 0.6
359.0 -0.0025684729 -0.0011007742 0.6
360.0 -3.7929985e-06 -1.6255709e-06 0.6
361.0 -2.1055325e-06 -9.0237114e-07 0.6
362.0 4.184252e-06 1.7932509e-06 0.6
363.0 4.824541e-06 2.0676607e-06 0.6
364.0 -7.1252257e-06 -3.0536683e-06 0.6
365.0 -4.79194e-05 -2.0536885e-05 0.6
366.0 -0.0001569531 -6.726562e-05 0.6
367.0 -0.00028770705 -0.00012330303 0.6
368.0 -0.00041448616 -0.00017763693 0.6
369.0 -0.00057835964 -0.00024786842 0.6
370.0 -0.00093308813 -0.00039989493 0.6
371.0 -0.0014290885 -0.00061246654 0.6
372.0 -0.0018949332 -0.0008121143 0.6
373.0 -0.0023482502 -0.001006393 0.6
374.0 -0.002751053 -0.0011790228 0.6
375.0 -0.0030021542 -0.0012866375 0.6
376.0 -0.00321615 -0.0013783501 0.6
377.0 -0.0033581841 -0.0014392219 0.6
378.0 -0.0034468272 -0.0014772117 0.6
379.0 -0.0034803946 -0.0014915977 0.6
380.0 -0.0034874147 -0.0014946064 0.6
381.0 -0.003485207 -0.0014936603 0.6
382.0 -0.0034823052 -0.0014924166 0.6
383.0 0.0 0.0 0.6
