2 1
31.05.2016 01:00:00.00 3600 2.7777777778e-04
0.0 0.0 0.0 0.6
1.0 0.0 0.0 0.6
2.0 0.0 0.0 0.6
3.0 0.0 0.0 0.6
4.0 0.0 0.0 0.6
5.0 0.0 0.0 0.6
6.0 0.0 0.0 0.6
7.0 0.0 0.0 0.6
8.0 0.0 0.0 0.6
9.0 0.0 0.0 0.6
10.0 0.0 0.0 0.6
11.0 0.0 0.0 0.6
12.0 0.0 0.0 0.6
13.0 0.0 0.0 0.6
14.0 0.0 0.0 0.6
15.0 0.0 0.0 0.6
16.0 0.0 0.0 0.6
17.0 0.0 0.0 0.6
18.0 0.0 0.0 0.6
19.0 0.0 0.0 0.6
20.0 0.0 0.0 0.6
21.0 0.0 0.0 0.6
22.0 0.0 0.0 0.6
23.0 0.0 0.0 0.6
24.0 0.0 3.980225756095024e-06 0.6
25.0 0.0 4.433888079802273e-06 0.6
26.0 0.0 4.6002824092283845e-06 0.6
27.0 0.0 4.837365850107744e-06 0.6
28.0 -1.6734029273379747e-08 8.19011436448136e-08 0.6
29.0 -2.1221589122433215e-05 -5.50590266357176e-06 0.6
30.0 -5.798566417070106e-05 -1.6377111023757607e-05 0.6
31.0 -9.716907516121864e-05 -3.669742727652192e-05 0.6
32.0 -0.00012206922110635787 -6.255025800783187e-05 0.6
33.0 -0.00012172787683084607 -8.221823372878134e-05 0.6
34.0 -0.00014379981439560652 -0.0001505244872532785 0.6
35.0 -0.0001200674450956285 -7.931783329695463e-05 0.6
36.0 -0.0001836279989220202 -8.722540223971009e-05 0.6
37.0 -0.00015139591414481401 -8.740508928894997e-05 0.6
38.0 -0.00013276038225740194 -6.91101886332035e-05 0.6
39.0 -7.33350170776248e-05 -5.645141936838627e-05 0.6
40.0 -5.1044044084846973e-05 -4.4139684177935123e-05 0.6
41.0 -1.5336903743445873e-05 -5.234789568930864e-05 0.6
42.0 -5.605630576610565e-06 -2.5019515305757523e-05 0.6
43.0 -9.278301149606705e-07 -2.0384322851896286e-05 0.6
44.0 -1.5692785382270813e-07 -2.394360490143299e-05 0.6
45.0 0.0 -2.5165732949972153e-05 0.6
46.0 0.0 -2.745375968515873e-05 0.6
47.0 0.0 -1.649465411901474e-05 0.6
48.0 -2.764905415730823e-09 -1.4035760572683742e-05 0.6
49.0 -5.2387871818382337e-11 -1.7658418436372614e-05 0.6
50.0 -4.388394536647411e-09 -1.447436708001959e-05 0.6
51.0 -2.6017357157570586e-08 -7.902389928204911e-06 0.6
52.0 -1.7340150293421175e-07 -1.8562698670621103e-05 0.6
53.0 -1.4720712897542398e-06 -4.811277221961063e-05 0.6
54.0 -2.167682396247983e-06 -4.266307223588228e-05 0.6
55.0 -5.682913524651667e-06 -9.288508090321557e-05 0.6
56.0 -1.3261224921734538e-05 -0.00012165208408987382 0.6
57.0 -4.2435865907464176e-05 -0.00014009352162247524 0.6
58.0 -8.58382263686508e-05 -0.00013407962978817523 0.6
59.0 -0.00013636761286761612 -8.684124622959644e-05 0.6
60.0 -0.0001337205176241696 -5.215074634179473e-05 0.6
61.0 -0.0001278161071240902 -5.171145312488079e-05 0.6
62.0 -0.00011870096204802394 -9.821233106777072e-05 0.6
63.0 -0.00010468135587871075 -4.6656932681798935e-05 0.6
64.0 -8.636206621304154e-05 -2.7656264137476683e-05 0.6
65.0 -5.578715354204178e-05 -1.8746708519756794e-05 0.6
66.0 -1.5060941223055124e-05 -6.119313184171915e-06 0.6
67.0 -2.8507201932370663e-06 -2.222193870693445e-06 0.6
68.0 -4.598405212163925e-09 -5.384208634495735e-08 0.6
69.0 0.0 3.7159770727157593e-07 0.6
70.0 0.0 1.162756234407425e-06 0.6
71.0 0.0 1.8044374883174896e-06 0.6
72.0 0.0 1.1894344424945302e-06 0.6
73.0 0.0 5.995682386128465e-07 0.6
74.0 0.0 2.7690400656865677e-06 0.6
75.0 0.0 3.604546691349242e-06 0.6
76.0 0.0 1.0877793101826683e-06 0.6
77.0 -1.516230327069934e-06 -1.9073187331741792e-06 0.6
78.0 -4.356138379080221e-05 -7.990402082214132e-05 0.6
79.0 -8.657613943796605e-05 -0.00010021448542829603 0.6
80.0 -0.00016451299597974867 -0.00010313939128536731 0.6
81.0 -0.00018587164231576025 -8.399781654588878e-05 0.6
82.0 -0.00019760444411076605 -0.000107041239971295 0.6
83.0 -0.00012151093687862158 -7.826823275536299e-05 0.6
84.0 -0.00011070043547078967 -6.431300425902009e-05 0.6
85.0 -6.689131259918213e-05 -0.00022294744849205017 0.6
86.0 -7.594004273414612e-05 -0.00017000187654048204 0.6
87.0 -0.00011641974560916424 -0.0001120399683713913 0.6
88.0 -9.07224602997303e-05 -4.2614294216036797e-05 0.6
89.0 -4.1771912947297096e-05 -2.3820670321583748e-05 0.6
90.0 -1.548253931105137e-05 -2.672034315764904e-05 0.6
91.0 -1.3422686606645584e-06 -4.089903086423874e-06 0.6
92.0 -4.656612873077393e-10 -1.885928213596344e-08 0.6
93.0 -6.402842700481415e-09 -1.668231561779976e-07 0.6
94.0 0.0 3.862660378217697e-07 0.6
95.0 0.0 2.796296030282974e-07 0.6
96.0 -2.386523756392478e-10 1.9406399142662956e-06 0.6
97.0 -5.819594806055761e-12 2.1325005479522208e-06 0.6
98.0 0.0 8.478505151288118e-07 0.6
99.0 1.1636996921637888e-11 3.637575946291438e-07 0.6
100.0 0.0 -1.9024175799131626e-06 0.6
101.0 2.0955662205501824e-10 -3.461280212826989e-05 0.6
102.0 -1.319250031883712e-06 -0.00010838922503353388 0.6
103.0 -1.5908452041912824e-05 -0.00018666398682398722 0.6
104.0 -5.4465843277284876e-05 -0.00019559345309971832 0.6
105.0 -8.153728413162753e-05 -0.000175940636836458 0.6
106.0 -4.506611730903387e-05 -0.00010592280887067318 0.6
107.0 -5.302031058818102e-05 -0.00019387004431337118 0.6
108.0 -9.513698751106858e-05 -0.00015764631098136306 0.6
109.0 -0.00012328987941145897 -0.00010362314060330391 0.6
110.0 -0.00015064061153680086 -7.023802027106285e-05 0.6
111.0 -0.00013162370305508375 -4.228565376251936e-05 0.6
112.0 -0.00011587428161874413 -2.7618079911917448e-05 0.6
113.0 -6.199622293934226e-05 -1.5866535250097513e-05 0.6
114.0 -4.205561708658934e-06 -1.3055396266281605e-06 0.6
115.0 -6.350455805659294e-08 3.6961864680051804e-08 0.6
116.0 0.0 2.1816231310367584e-06 0.6
117.0 0.0 2.3494940251111984e-06 0.6
118.0 0.0 7.268507033586502e-06 0.6
119.0 0.0 3.4996774047613144e-06 0.6
120.0 -5.818508435478931e-12 2.163453152677613e-06 0.6
121.0 5.818508435478931e-12 2.832257543998202e-06 0.6
122.0 0.0 2.8520444175228477e-06 0.6
123.0 0.0 1.4586757970391773e-06 0.6
124.0 -2.3826757455935876e-07 -1.4644231782767747e-07 0.6
125.0 -1.0989001566485967e-06 -6.714221854053903e-07 0.6
126.0 -5.839885852765292e-05 -5.452695768326521e-05 0.6
127.0 -0.00011020655074389651 -9.52279006014578e-05 0.6
128.0 -0.00018045461911242455 -9.816854435484856e-05 0.6
129.0 -0.0002504863659851253 -7.225369336083531e-05 0.6
130.0 -0.0002623660257086158 -8.54075769893825e-05 0.6
131.0 -0.00026731955586001277 -0.00011868152068927884 0.6
132.0 -0.0002080907579511404 -0.00013934460002928972 0.6
133.0 -0.00016399577725678682 -0.00015847396571189165 0.6
134.0 -0.00017306453082710505 -0.00012985628563910723 0.6
135.0 -0.00017270829994231462 -8.81935702636838e-05 0.6
136.0 -0.00010347878560423851 -3.718794323503971e-05 0.6
137.0 -2.069631591439247e-05 -6.51718582957983e-05 0.6
138.0 -2.8673093765974045e-06 -2.0523089915513992e-05 0.6
139.0 0.0 7.166527211666107e-06 0.6
140.0 0.0 3.427267074584961e-06 0.6
141.0 0.0 3.84356826543808e-06 0.6
142.0 0.0 3.404216840863228e-06 0.6
143.0 0.0 4.417961463332176e-06 0.6
144.0 0.0 3.672535285659251e-06 0.6
145.0 0.0 2.0784566459042253e-06 0.6
146.0 0.0 1.399974735249998e-06 0.6
147.0 0.0 3.5024413591600023e-07 0.6
148.0 -5.006507990401587e-07 -9.830314070313761e-06 0.6
149.0 -2.2659228307020385e-06 -5.7764616485656006e-05 0.6
150.0 -1.980840170290321e-05 -0.00015958536823745817 0.6
151.0 -9.65686995186843e-05 -0.0001944642499438487 0.6
152.0 -0.0002409804583294317 -0.00012657105980906636 0.6
153.0 -0.0003718144434969872 -6.063180626370013e-05 0.6
154.0 -0.0004174650530330837 -6.933527765795588e-05 0.6
155.0 -0.0004447138635441661 -7.88349425420165e-05 0.6
156.0 -0.0004217176465317607 -6.965768989175558e-05 0.6
157.0 -0.0003841542638838291 -7.047201506793499e-05 0.6
158.0 -0.0003044405020773411 -5.257013253867626e-05 0.6
159.0 -0.0002660758327692747 -4.71330713480711e-05 0.6
160.0 -0.00019081193022429943 -3.530946560204029e-05 0.6
161.0 -9.742775000631809e-05 -2.037198282778263e-05 0.6
162.0 -4.2662257328629494e-05 -1.2523727491497993e-05 0.6
163.0 -1.065712422132492e-05 -7.405877113342285e-06 0.6
164.0 -8.142320439219475e-06 -6.704358384013176e-06 0.6
165.0 -7.5569842010736465e-06 -6.078043952584267e-06 0.6
166.0 -5.590496584773064e-06 -4.386762157082558e-06 0.6
167.0 -3.339722752571106e-06 -2.6961788535118103e-06 0.6
168.0 -1.554021537231165e-06 -1.4414724773814669e-06 0.6
169.0 -5.240963218966499e-11 3.538992814355879e-07 0.6
170.0 0.0 3.3018693557096412e-06 0.6
171.0 1.1709744285326451e-11 1.090696707706229e-05 0.6
172.0 -1.4687417206005193e-05 -2.9678540158784017e-06 0.6
173.0 -4.3997293687425554e-05 -9.347651939606294e-06 0.6
174.0 -0.00013866105291526765 -2.6939203962683678e-05 0.6
175.0 -0.00023248008801601827 -4.0558952605351806e-05 0.6
176.0 -0.00031208069412969053 -4.8537825932726264e-05 0.6
177.0 -0.0003953990526497364 -6.014294922351837e-05 0.6
178.0 -0.00044210453052073717 -6.910774391144514e-05 0.6
179.0 -0.00043868564534932375 -7.853575516492128e-05 0.6
180.0 -0.0004337569698691368 -7.992028258740902e-05 0.6
181.0 -0.00039925449527800083 -6.74314796924591e-05 0.6
182.0 -0.00032570306211709976 -5.961023271083832e-05 0.6
183.0 -0.0002491897903382778 -4.5526307076215744e-05 0.6
184.0 -6.887596100568771e-05 -0.000139579176902771 0.6
185.0 -6.006215699017048e-05 -7.895450107753277e-05 0.6
186.0 -2.0316801965236664e-05 -6.038695573806763e-06 0.6
187.0 -1.6205012798309326e-07 -2.1047890186309814e-07 0.6
188.0 -1.7811544239521027e-07 -5.236361175775528e-07 0.6
189.0 -1.862645149230957e-09 2.3422762751579285e-07 0.6
190.0 0.0 7.548369467258453e-07 0.6
191.0 0.0 6.132759153842926e-07 0.6
192.0 0.0 1.5417117538163438e-06 0.6
193.0 0.0 2.3958623387443367e-06 0.6
194.0 0.0 3.1463964660360944e-06 0.6
195.0 0.0 2.7744827093556523e-06 0.6
196.0 -1.9976642562369307e-08 -1.1762489968702994e-06 0.6
197.0 -1.6638102806609822e-07 -1.9664834439936385e-05 0.6
198.0 -1.1495272929096245e-06 -0.00012378150256608933 0.6
199.0 -2.014526216953527e-06 -0.00015388150950457202 0.6
200.0 -4.7361027100123465e-06 -0.0002371835507801734 0.6
201.0 -1.765391425578855e-05 -0.0002376518132223282 0.6
202.0 -2.3702614271314815e-05 -0.00012884522948297672 0.6
203.0 -1.1763360816985369e-05 -0.00025800149887800217 0.6
204.0 -4.817268927581608e-05 -0.00026926372083835304 0.6
205.0 -9.194406447932124e-05 -0.0001570595777593553 0.6
206.0 -0.00012074568076059222 -0.00013001944171264768 0.6
207.0 -0.00012271362356841564 -9.890529327094555e-05 0.6
208.0 -7.994813495315611e-05 -5.38226158823818e-05 0.6
209.0 -4.5474094804376364e-05 -3.453256795182824e-05 0.6
210.0 -5.856389179825783e-06 -3.584264777600765e-05 0.6
211.0 -8.557690307497978e-07 -6.759190000593662e-06 0.6
212.0 -2.3865140974521637e-09 2.49926233664155e-06 0.6
213.0 -4.249159246683121e-09 8.964561857283115e-07 0.6
214.0 -3.4924596548080444e-10 2.453685738146305e-06 0.6
215.0 -7.566995918750763e-10 -8.736213203519583e-06 0.6
216.0 -1.7331522883523576e-08 -2.1920935786567952e-05 0.6
217.0 -1.2613077160494868e-07 -2.8961165071450523e-05 0.6
218.0 -3.116956008852867e-07 -3.124848359448151e-05 0.6
219.0 -6.336745173030067e-07 -2.634460861372645e-05 0.6
220.0 -3.147294592054095e-06 -4.077561698068166e-05 0.6
221.0 -1.2752193470078055e-05 -7.830379672668641e-05 0.6
222.0 -3.5759410820901394e-05 -0.00011199261643923819 0.6
223.0 -9.695933113107458e-05 -0.00013681870041182265 0.6
224.0 -0.00019626111316028982 -0.00010525689867790788 0.6
225.0 -0.00029243779135867953 -5.9381884057074785e-05 0.6
226.0 -0.0003805729211308062 -6.0553138609975576e-05 0.6
227.0 -0.0003901498857885599 -6.422679871320724e-05 0.6
228.0 -0.0003778595710173249 -6.302481051534414e-05 0.6
229.0 -0.00033058517146855593 -5.638191942125559e-05 0.6
230.0 -0.00026585045270621777 -4.6811532229185104e-05 0.6
231.0 -0.0002332285512238741 -4.1141873225569725e-05 0.6
232.0 -0.00018656090833246708 -3.375601954758167e-05 0.6
233.0 -0.00010809325613081455 -2.0554056391119957e-05 0.6
234.0 -3.9744190871715546e-05 -9.93441790342331e-06 0.6
235.0 -5.970476195216179e-06 -3.4335535019636154e-06 0.6
236.0 -1.5737023204565048e-06 -1.6854610294103622e-06 0.6
237.0 -3.6228448152542114e-07 -1.405365765094757e-06 0.6
238.0 0.0 -5.993060767650604e-07 0.6
239.0 0.0 1.1194497346878052e-06 0.6
240.0 0.0 2.7989617592538707e-06 0.6
241.0 0.0 3.2126677069754805e-06 0.6
242.0 0.0 3.4903728192148264e-06 0.6
243.0 0.0 3.686707714223303e-06 0.6
244.0 -1.2961653510501492e-06 -7.426698402923648e-07 0.6
245.0 -7.4393919931026176e-06 -1.5650521163479425e-06 0.6
246.0 -0.00011631668894551694 -2.109925844706595e-05 0.6
247.0 -0.0002075747906928882 -3.360785194672644e-05 0.6
248.0 -0.00026213994715362787 -4.118832293897867e-05 0.6
249.0 -0.0002705482766032219 -4.3814186938107014e-05 0.6
250.0 -0.0003661485970951617 -5.568139022216201e-05 0.6
251.0 -0.0003847955958917737 -6.0044112615287304e-05 0.6
252.0 -0.00038652902003377676 -6.143632344901562e-05 0.6
253.0 -0.00036693341098725796 -5.842885002493858e-05 0.6
254.0 -0.00034020491875708103 -5.3859082981944084e-05 0.6
255.0 -0.00027907267212867737 -4.423921927809715e-05 0.6
256.0 -0.00018650502897799015 -3.071618266403675e-05 0.6
257.0 -9.528221562504768e-05 -1.718779094517231e-05 0.6
258.0 -3.283587284386158e-05 -8.203089237213135e-06 0.6
259.0 -7.804948836565018e-06 -5.201203748583794e-06 0.6
260.0 -2.489658072590828e-06 -2.475222572684288e-06 0.6
261.0 -6.647314876317978e-07 -6.777700036764145e-07 0.6
262.0 -5.981419235467911e-07 -5.05475327372551e-07 0.6
263.0 -5.19677996635437e-07 -4.263129085302353e-07 0.6
264.0 -4.361546928066673e-07 -4.921444940464426e-07 0.6
265.0 -5.9550586684054e-07 -6.050116780897952e-07 0.6
266.0 -9.807711194298463e-07 -1.0092594493471552e-06 0.6
267.0 -1.609717401152011e-06 -2.228197899967199e-06 0.6
268.0 -7.206217560451478e-06 -2.368461537116673e-06 0.6
269.0 -2.1678592020180076e-05 -4.690587957156822e-06 0.6
270.0 -6.545690121129155e-05 -8.710863767191768e-06 0.6
271.0 -0.00012836306996177882 -1.7090074834413826e-05 0.6
272.0 -0.00017553591169416904 -2.5801273295655847e-05 0.6
273.0 -0.00020079914247617126 -3.0981667805463076e-05 0.6
274.0 -0.0002550202189013362 -4.0421728044748306e-05 0.6
275.0 -0.0002251385012641549 -4.0929531678557396e-05 0.6
276.0 -0.0001725478796288371 -3.424950409680605e-05 0.6
277.0 -0.00018427451141178608 -3.998936153948307e-05 0.6
278.0 -0.00016267807222902775 -4.708697088062763e-05 0.6
279.0 -0.00011875794734805822 -3.7717982195317745e-05 0.6
280.0 -6.145716179162264e-05 -7.296574767678976e-05 0.6
281.0 -4.010740667581558e-05 -1.28911342471838e-05 0.6
282.0 -1.0499730706214905e-05 -1.362222246825695e-05 0.6
283.0 -1.2888340279459953e-06 -3.99129930883646e-06 0.6
284.0 -4.959292709827423e-08 -6.670597940683365e-07 0.6
285.0 -7.799826562404633e-09 6.301561370491982e-07 0.6
286.0 -7.8580342233181e-08 -6.848713383078575e-07 0.6
287.0 -4.784669727087021e-08 -5.66127710044384e-07 0.6
288.0 -6.501202847175591e-07 -7.202666154171311e-06 0.6
289.0 -6.392577347469341e-07 -7.337314571032039e-06 0.6
290.0 -4.111544740226236e-07 -5.024553388466302e-06 0.6
291.0 -8.481388249492738e-07 -7.539987109339563e-06 0.6
292.0 -3.528515890138806e-06 -1.812838104342518e-05 0.6
293.0 -6.628134542552289e-06 -2.5798763999773655e-05 0.6
294.0 -8.949481525633018e-06 -3.747042956092628e-05 0.6
295.0 -1.0645471775205806e-05 -9.300889723817818e-05 0.6
296.0 -1.3250406482256949e-05 -0.00012959881860297173 0.6
297.0 -3.1441501050721854e-05 -0.00014385529357241467 0.6
298.0 -3.8148406019899994e-05 -0.00011440554953878745 0.6
299.0 -8.614950638730079e-05 -0.0001862291101133451 0.6
300.0 -4.820869071409106e-05 -0.0002188203507103026 0.6
301.0 -2.9202376026660204e-05 -0.00031770841451361775 0.6
302.0 -4.162112600170076e-05 -0.0002807205601129681 0.6
303.0 -6.89394655637443e-05 -0.00018799322424456477 0.6
304.0 -3.291017492301762e-05 -0.00013729927013628185 0.6
305.0 -1.3030949048697948e-05 -6.589817348867655e-05 0.6
306.0 -4.52084350399673e-06 -2.89527524728328e-05 0.6
307.0 -4.023313522338867e-07 -2.0251376554369926e-05 0.6
308.0 -1.9319122657179832e-07 -1.1141702998429537e-05 0.6
309.0 -5.2386894822120667e-08 -4.269648343324661e-06 0.6
310.0 -4.313187673687935e-08 -1.4619843568652868e-05 0.6
311.0 -2.1886080503463745e-08 -9.741401299834251e-06 0.6
312.0 -3.392969460946915e-08 -1.113660428586627e-05 0.6
313.0 -7.654477940377546e-09 -5.68372172438103e-07 0.6
314.0 -4.0943717749541975e-08 -9.36950701202477e-06 0.6
315.0 -3.349316557432758e-08 -1.5186322229965299e-05 0.6
316.0 -1.419721229467541e-09 -3.358587036927929e-05 0.6
317.0 -2.0714878701255657e-09 -4.720361391719052e-05 0.6
318.0 -3.2665639082551934e-08 -7.997247644198069e-05 0.6
319.0 -2.347979943806422e-07 -0.00012836037501529063 0.6
320.0 -7.394793556159129e-06 -0.00016792254837127985 0.6
321.0 -3.2555013603996485e-05 -0.0001428276955266483 0.6
322.0 -5.815563054056838e-05 -0.00015534343401668593 0.6
323.0 -0.00010008510435000062 -0.0002016512444242835 0.6
324.0 -0.00017228802607860416 -0.00017993689107242972 0.6
325.0 -0.0001845570222940296 -6.689518340863287e-05 0.6
326.0 -0.00022045098012313247 -7.819390157237649e-05 0.6
327.0 -0.0001238838885910809 -7.93272047303617e-05 0.6
328.0 -6.466469494625926e-05 -9.222148219123483e-05 0.6
329.0 -5.6409393437206745e-05 -5.911721382290125e-05 0.6
330.0 -2.9971241019666195e-05 -2.9497663490474224e-05 0.6
331.0 -7.54848588258028e-06 -1.570011954754591e-05 0.6
332.0 -4.230998456478119e-06 -1.3603828847408295e-05 0.6
333.0 -2.6329653337597847e-06 -9.943847544491291e-06 0.6
334.0 -1.317937858402729e-06 -6.276764906942844e-06 0.6
335.0 -1.3955868780612946e-06 -7.3749106377363205e-06 0.6
336.0 -5.39321149517491e-07 -2.2667501298201387e-06 0.6
337.0 -5.7980287238024175e-12 3.155966965096013e-06 0.6
338.0 0.0 7.018075848463923e-06 0.6
339.0 1.0470557754160836e-10 6.253763672248169e-06 0.6
340.0 -5.116301053931238e-06 -5.068954578746343e-06 0.6
341.0 -1.9751858417293988e-05 -2.5726892999955453e-05 0.6
342.0 -7.920015923446044e-05 -0.00010424701758893207 0.6
343.0 -0.00014582890435121953 -0.00010186040890403092 0.6
344.0 -0.00015909611829556525 -7.044058293104172e-05 0.6
345.0 -0.00021052220836281776 -5.1539449486881495e-05 0.6
346.0 -0.00021297018975019455 -4.504126263782382e-05 0.6
347.0 -0.000184179050847888 -3.763951826840639e-05 0.6
348.0 -0.00018272455781698227 -4.278321284800768e-05 0.6
349.0 -9.555288124829531e-05 -5.3228577598929405e-05 0.6
350.0 -1.9776751287281513e-05 -0.00011991674546152353 0.6
351.0 0.0 -0.0001042329240590334 0.6
352.0 0.0 -0.00011991569772362709 0.6
353.0 -4.0943268686532974e-07 -7.665238808840513e-05 0.6
354.0 -1.8032733350992203e-07 -4.484585952013731e-05 0.6
355.0 -1.46450474858284e-07 -2.2217165678739548e-05 0.6
356.0 -6.577465683221817e-08 -2.492161002010107e-05 0.6
357.0 0.0 -2.8298702090978622e-05 0.6
358.0 0.0 -2.3590633645653725e-05 0.6
359.0 -1.862645149230957e-09 -1.2558884918689728e-05 0.6
360.0 -1.1176013003932894e-08 -5.3199172214135615e-06 0.6
361.0 -6.980371836107224e-11 2.372235712755355e-06 0.6
362.0 -3.0256330774136586e-10 8.840221809691684e-06 0.6
363.0 -4.889244564765249e-10 9.181463411778168e-07 0.6
364.0 -4.887681370746577e-10 -1.7071397991230697e-05 0.6
365.0 -5.14223245318135e-07 -5.7445829554580996e-05 0.6
366.0 -7.72256407799432e-06 -0.00014048118373466423 0.6
367.0 -2.4894936359487474e-05 -0.00013614883937407285 0.6
368.0 -1.9496386812534183e-05 -0.0001399316606693901 0.6
369.0 -9.588460670784116e-06 -0.00021419752738438547 0.6
370.0 -8.799874922260642e-05 -0.00034330011112615466 0.6
371.0 -0.00030137941939756274 -0.00010514311725273728 0.6
372.0 -0.0002891628537327051 -7.109623402357101e-05 0.6
373.0 -0.0002804148243740201 -7.175107020884752e-05 0.6
374.0 -0.00024154339917004108 -6.323587149381638e-05 0.6
375.0 -0.00012077018618583679 -5.673267878592014e-05 0.6
376.0 -4.428578540682793e-05 -0.00019870977848768234 0.6
377.0 -5.8176927268505096e-05 -6.109662353992462e-05 0.6
378.0 -3.136938903480768e-05 -2.711417619138956e-05 0.6
379.0 -5.709473043680191e-06 -7.822411134839058e-06 0.6
380.0 -1.3030366972088814e-06 -1.4462275430560112e-06 0.6
381.0 -1.6763806343078613e-08 1.0754447430372238e-06 0.6
382.0 0.0 2.6172492653131485e-06 0.6
383.0 0.0 0.0 0.6
